0.155132
0.118412
0.11629
0.116392
0.116449
0.116045
0.11544
0.116243
0.115993
0.115581
0.115679
0.115343
0.115534
0.116053
0.115436
0.116369
0.116029
0.115873
0.11607
0.11648
0.116493
0.116348
0.115405
0.116214
0.115686
0.11659
0.116135
0.115432
0.11648
0.115585
0.116202
0.116257
0.116317
0.116469
0.119187
0.130962
0.116103
0.116673
0.116879
0.116083
0.11559
0.115645
0.11626
0.116182
0.116744
0.115407
0.115641
0.116224
0.116281
0.117311
0.11585
0.116581
0.116143
0.116958
0.115749
0.116408
0.116266
0.115458
0.115534
0.117053
0.115666
0.115686
0.115485
0.116669
0.117372
0.116429
0.11562
0.11687
0.116045
0.116444
0.115858
0.116163
0.116056
0.116879
0.116851
0.115689
0.115814
0.116006
0.115545
0.115925
0.115485
0.11626
0.116273
0.116975
0.11732
0.116783
0.116867
0.115908
0.116675
0.116615
0.116861
0.117339
0.115884
0.116959
0.116136
0.115464
0.11545
0.115461
0.116489
0.117013
