0.335602
0.310985
0.29821
0.298693
0.303446
0.29759
0.298202
0.298052
0.298214
0.298492
0.298105
0.298337
0.297691
0.29825
0.298495
0.298322
0.2983
0.297782
0.298626
0.298418
0.29802
0.298043
0.298558
0.298126
0.298317
0.297854
0.298367
0.29829
0.303105
0.31265
0.306312
0.297766
0.297345
0.297993
0.298739
0.302917
0.301867
0.298314
0.298177
0.298171
0.298663
0.297922
0.299059
0.297457
0.298027
0.297984
0.298274
0.298881
0.298093
0.298521
0.298014
0.298353
0.29793
0.297859
0.298001
0.298001
0.298401
0.298469
0.298143
0.298273
0.298141
0.298076
0.297813
0.297832
0.297708
0.299098
0.304397
0.298441
0.298436
0.298364
0.298391
0.298137
0.298124
0.297816
0.298051
0.298526
0.303238
0.298587
0.298871
0.298159
0.298288
0.29801
0.29809
0.298552
0.298163
0.298038
0.298257
0.298054
0.298375
0.298469
0.298273
0.298148
0.298353
0.298301
0.299103
0.298456
0.298756
0.298387
0.298265
0.2985
