3.82051
3.7626
3.76337
3.7633
3.75161
3.7735
3.76455
3.77463
3.77288
3.75153
3.77411
3.75066
3.83609
3.76582
3.84869
3.76554
3.86623
3.76669
3.77325
3.76606
3.76392
3.77626
3.77028
3.76703
3.76374
3.79089
3.75339
3.7646
3.78947
3.80032
3.76821
3.75127
3.74998
3.75076
3.77242
3.76994
3.74889
3.76327
3.7661
3.76806
3.78573
3.77806
3.76496
3.76509
3.76427
3.76402
3.76881
3.76654
3.77168
3.7789
3.76803
3.77102
3.7641
3.76439
3.76308
3.77571
3.7862
3.74977
3.75247
3.81762
3.76675
3.75788
3.77142
3.7704
3.76625
3.76701
3.77066
3.77997
3.76886
3.77044
3.75477
3.81907
3.76545
3.76578
3.74975
3.76981
3.76473
3.76197
3.76463
3.77223
3.7521
3.75161
3.76341
3.77572
3.76346
3.77427
3.77258
3.76572
3.76341
3.77588
3.75215
3.843
3.76235
3.80329
3.76714
3.76693
3.76655
3.75583
3.77158
3.77254
