0.098747
0.096693
0.0966089
0.096446
0.096705
0.095994
0.096468
0.096544
0.095957
0.0964348
0.0964739
0.094939
0.0963101
0.0956342
0.0960729
0.0971169
0.0959539
0.0957179
0.096276
0.0960271
0.096287
0.095681
0.096385
0.096724
0.0957291
0.0964851
0.0956669
0.0959229
0.0957491
0.097281
0.0960209
0.09621
0.096159
0.0972819
0.096477
0.095746
0.0964701
0.096894
0.0969279
0.095829
0.095793
0.0958681
0.0957708
0.0969791
0.096107
0.0962269
0.0962942
0.0961881
0.0957541
0.0956478
0.0965979
0.0960429
0.0965512
0.0962219
0.0972679
0.105886
0.10542
0.105338
0.105567
0.105809
0.104848
0.105367
0.105202
0.1055
0.105592
0.105648
0.105001
0.103935
0.105107
0.103566
0.105237
0.103915
0.105907
0.105216
0.105217
0.105848
0.104373
0.096015
0.0965979
0.096261
0.0958178
0.096344
0.0959589
0.0962648
0.0963531
0.0959489
0.09567
0.0963111
0.096797
0.0969601
0.0987499
0.097008
0.0955851
0.09635
0.0953169
0.0964661
0.0958822
0.096426
0.096344
0.095984
