0.207456
0.196533
0.197488
0.191272
0.191554
0.192222
0.191511
0.192524
0.191517
0.192108
0.191882
0.192208
0.193019
0.191576
0.191267
0.191566
0.192717
0.192133
0.192537
0.192597
0.191816
0.191734
0.192455
0.192906
0.192593
0.191664
0.192431
0.19118
0.191521
0.192353
0.193166
0.192622
0.191857
0.19583
0.192997
0.192356
0.192721
0.191459
0.192208
0.192859
0.192311
0.192155
0.192634
0.192263
0.192111
0.192712
0.192512
0.192835
0.192074
0.191872
0.192103
0.192131
0.192216
0.19272
0.192379
0.192215
0.192051
0.192712
0.192002
0.192292
0.19229
0.192287
0.192206
0.192451
0.192036
0.192082
0.192454
0.192187
0.192211
0.192426
0.195319
0.192306
0.192162
0.192637
0.192286
0.192138
0.192307
0.191961
0.192387
0.193101
0.192353
0.192258
0.192096
0.191978
0.192384
0.192112
0.19346
0.192603
0.19219
0.19209
0.192535
0.192588
0.191636
0.192052
0.192503
0.192318
0.192689
0.192287
0.192368
0.192257
