0.480834
0.440637
0.445267
0.432691
0.432994
0.43126
0.433216
0.432365
0.431788
0.43068
0.43079
0.433783
0.432296
0.433279
0.432296
0.433938
0.431562
0.4453
0.446461
0.453396
0.453886
0.432714
0.431088
0.432552
0.433027
0.432398
0.433222
0.434426
0.431962
0.431749
0.433095
0.430794
0.435947
0.43366
0.43195
0.433622
0.433292
0.432839
0.432336
0.433637
0.433451
0.433907
0.431301
0.432244
0.43371
0.433381
0.43211
0.433371
0.433334
0.430966
0.432471
0.433683
0.432721
0.4359
0.442181
0.433513
0.432284
0.432435
0.432165
0.432933
0.432475
0.433482
0.433686
0.432303
0.43259
0.432869
0.432141
0.433403
0.434501
0.432493
0.430253
0.431637
0.433632
0.434477
0.433333
0.432743
0.431156
0.431636
0.430946
0.433466
0.453405
0.452989
0.453325
0.440602
0.432319
0.432471
0.430827
0.432627
0.432071
0.43313
0.431721
0.432451
0.430927
0.431805
0.4343
0.433662
0.43265
0.445927
0.432287
0.433159
