0.00154114
0.00153399
0.00153899
0.0015738
0.00155401
0.00154805
0.00156713
0.00153899
0.00154591
0.00153399
0.00154781
0.00156212
0.00153708
0.00155401
0.00155282
0.00153589
0.00153589
0.0015409
0.00155115
0.00156403
0.00153899
0.00155616
0.00153518
0.00154805
0.00155616
0.00154495
0.00153208
0.00156283
0.00155282
0.00153899
0.00153518
0.00154901
0.00153899
0.00157309
0.00155115
0.00155687
0.00155997
0.00155497
0.00153708
0.00155306
0.00155306
0.00155687
0.00154305
0.00154114
0.00154591
0.00153708
0.001544
0.00155807
0.0015471
0.00155282
0.0015738
0.00153708
0.00153279
0.00153899
0.00155592
0.00155497
0.00156498
0.00154591
0.00156999
0.00154305
0.00154519
0.0015378
0.00154281
0.00154901
0.001544
0.00155902
0.00155711
0.00155902
0.00154495
0.00155807
0.00153899
0.00157619
0.00155401
0.00155592
0.00154185
0.00155401
0.0015502
0.00155282
0.00154495
0.00156307
0.001544
0.00154591
0.00155592
0.001544
0.00153494
0.00154614
0.00154519
0.0015521
0.00153899
0.00154305
0.00155091
0.00155997
0.00156903
0.00155497
0.00154805
0.00154209
0.00154614
0.0015471
0.00154305
0.0015471
