6.51017
6.51132
6.52616
6.50721
6.51537
6.5194
6.50959
6.51488
6.50689
6.50959
6.50989
6.51467
6.51293
6.51723
6.50883
6.50863
6.51263
6.51771
6.51309
6.51
6.50717
6.51132
6.51024
6.5207
6.51419
6.51459
6.51388
6.50834
6.50673
6.50897
6.51499
6.5091
6.51044
6.51231
6.51088
6.5148
6.50952
6.50932
6.51857
6.51815
6.51471
6.50914
6.50643
6.50988
6.51095
6.51348
6.50909
6.51138
6.50861
6.52312
6.52248
6.50758
6.51381
6.51074
6.51262
6.51585
6.51841
6.51079
6.50823
6.51626
6.5091
6.50821
6.50985
6.51707
6.51
6.51137
6.51997
6.52224
6.51398
6.51799
6.51614
6.50651
6.5198
6.5149
6.5098
6.51661
6.5138
6.52186
6.51357
6.51067
6.51185
6.52011
6.51211
6.51132
6.51379
6.5148
6.51478
6.51017
6.50853
6.51084
6.51774
6.51664
6.51917
6.51056
6.51506
6.50905
6.51054
6.51047
6.50733
6.51046
