0.019897
0.0203452
0.0201471
0.019896
0.019938
0.0199089
0.0204351
0.0201099
0.0199358
0.0201919
0.020067
0.0202861
0.0202711
0.0201352
0.020102
0.0200789
0.0200551
0.0202079
0.0202911
0.0201221
0.020318
0.0202229
0.0201161
0.0202088
0.0197811
0.0199921
0.0200081
0.0201859
0.0199871
0.0203481
0.020118
0.0201721
0.020371
0.020117
0.0201149
0.0202899
0.020272
0.0201111
0.020045
0.0201969
0.0207078
0.020324
0.0200269
0.0198431
0.0203729
0.0200639
0.019918
0.0202332
0.020184
0.0200849
0.0203521
0.020138
0.020257
0.0204239
0.0212209
0.0202589
0.020148
0.020081
0.019726
0.020052
0.0202248
0.020293
0.0201089
0.0200629
0.0201371
0.0200429
0.019896
0.0200479
0.0200551
0.020118
0.0203049
0.0201879
0.0201032
0.020083
0.0198491
0.0198531
0.020144
0.020251
0.0202441
0.0204039
0.020386
0.0200801
0.0200639
0.0202231
0.020247
0.0201049
0.0202231
0.020144
0.020267
0.0200071
0.0221372
0.0200729
0.02034
0.020354
0.0203159
0.0203681
0.020252
0.0202861
0.02004
0.0200891
