0.167112
0.163846
0.167241
0.169659
0.172586
0.161789
0.16546
0.167076
0.159252
0.156126
0.165809
0.19699
0.161434
0.158038
0.157301
0.172834
0.172266
0.164284
0.174042
0.172824
0.163543
0.155889
0.175883
0.161181
0.174898
0.157808
0.16322
0.166412
0.162351
0.17367
0.160152
0.176379
0.164211
0.155839
0.162441
0.18025
0.163531
0.16881
0.17101
0.163621
0.174387
0.162185
0.173026
0.162282
0.160385
0.162611
0.190813
0.172154
0.161873
0.17142
0.169405
0.171076
0.199258
0.210639
0.190895
0.198867
0.173203
0.190175
0.177667
0.159712
0.168638
0.170549
0.18513
0.159937
0.171991
0.164375
0.165677
0.169052
0.158023
0.171088
0.170502
0.189148
0.179617
0.160425
0.162701
0.171651
0.162706
0.177956
0.16974
0.159944
0.163434
0.182506
0.174528
0.166196
0.164328
0.163611
0.162037
0.164228
0.177569
0.161901
0.169264
0.168197
0.169825
0.156071
0.180966
0.166002
0.170123
0.185764
0.198889
0.186643
