1.47308
1.41455
1.5404
1.51709
1.54415
1.49505
1.56896
1.49689
1.60097
1.52028
1.5025
1.45785
1.50404
1.48324
1.58905
1.49468
1.53335
1.64139
1.59732
1.51288
1.51241
1.44594
1.5236
1.50052
1.48027
1.49465
1.49532
1.52311
1.53238
1.4662
1.55175
1.55301
1.58973
1.66824
1.55014
1.558
1.61528
1.57234
1.45492
1.61993
1.59504
1.50577
1.59601
1.48637
1.50954
1.66987
1.6726
1.62584
1.60222
1.6086
1.55134
1.61582
1.82807
1.82119
1.87366
1.82432
1.52368
1.55657
1.50809
1.46472
1.53947
1.5296
1.52624
1.57794
1.61753
1.49169
1.49652
1.5401
1.5116
1.50626
1.49284
1.58264
1.52837
1.56677
1.63591
1.5194
1.52304
1.57207
1.49086
1.58228
1.51329
1.57928
1.55588
1.63869
1.58465
1.47114
1.52188
1.622
1.46196
1.64799
1.50214
1.51129
1.52961
1.62042
1.49022
1.55928
1.51126
1.50064
1.56262
1.52511
