0.616254
0.642693
0.688017
0.694663
0.65341
0.635758
0.646005
0.664197
0.625484
0.686793
0.715784
0.615325
0.642938
0.637742
0.643839
0.681673
0.65949
0.722477
0.639392
0.636237
0.679744
0.67556
0.642448
0.63282
0.664789
0.642564
0.671159
0.694722
0.625354
0.653953
0.636654
0.667957
0.675958
0.735831
0.690637
0.62447
0.635257
0.641436
0.701443
0.663709
0.640116
0.624479
0.660929
0.666226
0.626234
0.67088
0.702415
0.661506
0.636093
0.647478
0.694286
0.706012
0.718693
0.75913
0.785869
0.790672
0.740381
0.686299
0.64387
0.619832
0.65276
0.667248
0.639511
0.651697
0.657634
0.616443
0.642486
0.665276
0.637802
0.617986
0.638674
0.707685
0.667364
0.654579
0.660199
0.608749
0.68167
0.648396
0.656033
0.629671
0.645753
0.642262
0.606528
0.634363
0.629676
0.630007
0.68846
0.670047
0.66069
0.625232
0.624469
0.615112
0.686535
0.700524
0.713461
0.603946
0.668722
0.641601
0.622604
0.668316
