0.576988
0.573311
0.568689
0.577721
0.572554
0.57486
0.564422
0.571285
0.5745
0.565314
0.565368
0.565077
0.567264
0.570027
0.575026
0.570092
0.567773
0.571269
0.568586
0.57224
0.575268
0.56515
0.570376
0.573337
0.568527
0.571533
0.567615
0.567037
0.562512
0.572366
0.566494
0.576347
0.563772
0.57978
0.571298
0.573564
0.571296
0.585212
0.57131
0.582521
0.576681
0.577897
0.567479
0.571023
0.571523
0.570032
0.566928
0.567942
0.569743
0.567833
0.578616
0.571973
0.57173
0.565856
0.573178
0.568683
0.561743
0.568983
0.57352
0.56808
0.571844
0.570605
0.573758
0.575164
0.57664
0.565183
0.568539
0.574448
0.567163
0.572331
0.563336
0.578825
0.563702
0.575542
0.566589
0.567239
0.563351
0.569387
0.568714
0.565921
0.573999
0.572403
0.570218
0.572377
0.569485
0.569916
0.574523
0.567518
0.573518
0.569085
0.572765
0.577897
0.57455
0.573988
0.569424
0.575916
0.571089
0.570333
0.571387
0.572856
