0.0160389
0.0147879
0.0150361
0.0158648
0.0145869
0.0169961
0.0153069
0.0147619
0.0160642
0.0162621
0.01616
0.015877
0.016243
0.015753
0.0158482
0.0179899
0.015789
0.014482
0.016526
0.015507
0.016505
0.0148499
0.015058
0.014977
0.015538
0.016397
0.0149701
0.017436
0.0158529
0.0152848
0.0161281
0.0158122
0.0168779
0.015753
0.014782
0.014446
0.0147641
0.0164471
0.0159299
0.01613
0.015377
0.0157239
0.0146461
0.016077
0.016355
0.0144291
0.016674
0.0160201
0.0179141
0.015856
0.016974
0.0152912
0.0203199
0.023155
0.0193551
0.019907
0.0192642
0.0160229
0.0155091
0.0159719
0.0153201
0.016155
0.014704
0.0148518
0.0149179
0.015357
0.014528
0.0156629
0.01702
0.0165219
0.0161021
0.0176079
0.0156369
0.0151799
0.0151501
0.0160458
0.014792
0.0145769
0.0151761
0.0156019
0.0143561
0.0145879
0.0161889
0.0153091
0.0153539
0.015023
0.0147941
0.0174809
0.0148821
0.0160379
0.0149572
0.0166769
0.01513
0.0154591
0.0161009
0.014926
0.015691
0.0156469
0.015245
0.015713
