0.00410891
0.00413203
0.00403404
0.004632
0.0038321
0.004251
0.00403595
0.00409985
0.00399399
0.00550508
0.00490189
0.004879
0.00442195
0.00481796
0.00388813
0.00419211
0.00459599
0.00386
0.00408387
0.00409007
0.0040679
0.00413013
0.00402403
0.00390005
0.00414801
0.00434685
0.00419092
0.0040369
0.00448084
0.00398803
0.00451803
0.00395489
0.00457287
0.00403404
0.00434113
0.00433707
0.00439978
0.00471592
0.00425601
0.00444317
0.00422287
0.00394106
0.00392604
0.00469708
0.00423288
0.00447702
0.00457001
0.00435901
0.00436401
0.00427389
0.0058341
0.00517416
0.0040729
0.00402594
0.00453186
0.004987
0.00563717
0.00403214
0.00415707
0.00389385
0.00420594
0.00412607
0.00442982
0.00486183
0.00462604
0.00456309
0.00462103
0.00421906
0.0038681
0.00406599
0.00396609
0.00425696
0.00438404
0.00410199
0.00448608
0.00427079
0.00500107
0.00436616
0.00458193
0.00427794
0.00412893
0.00440383
0.00416684
0.00426388
0.00421023
0.00419092
0.00440907
0.00595999
0.00406599
0.00422692
0.00457001
0.00443697
0.00432086
0.00377107
0.00388193
0.00456595
0.00408196
0.00444794
0.00403118
0.00392485
