13.8751
13.3207
14.1554
14.5616
13.7042
13.9224
13.2379
14.0961
14.2464
14.4592
14.4883
14.0212
13.7015
13.8793
14.4206
14.6722
13.2358
14.7838
13.9384
13.629
14.4031
13.3125
13.2867
13.5147
13.9719
14.053
13.3458
14.3849
13.6179
13.6196
13.4396
14.0585
13.6115
14.9622
13.4565
13.8348
15.1264
14.4172
13.2798
13.4688
13.9528
14.0822
14.3041
14.4935
14.0423
14.7283
14.8608
14.356
14.649
15.3666
15.515
16.4636
16.7279
17.2068
15.7605
15.444
13.8065
13.4994
13.8674
13.7066
13.6184
14.3272
13.3003
13.5746
13.7478
13.4318
14.622
13.8483
13.8428
14.1563
13.6931
13.6826
14.2532
13.8399
14.009
13.8441
14.5049
14.0143
13.8572
14.3906
14.2491
14.0849
13.192
13.7999
14.3838
14.1821
14.372
13.8672
13.4969
13.3224
14.0577
14.8334
13.8214
14.0967
14.4668
13.3628
14.0413
13.64
14.1185
14.6872
