0.00826383
0.0054338
0.00541687
0.00544715
0.00545096
0.00541306
0.00546384
0.00545311
0.0054462
0.005445
0.0054369
0.00546193
0.00541401
0.00542593
0.00545979
0.00542092
0.00545192
0.00544596
0.00542212
0.00537801
0.00541806
0.00542998
0.00545502
0.005409
0.00543094
0.00541496
0.00550079
0.00547099
0.00545812
0.00544214
0.00545192
0.00548196
0.0054419
0.00544786
0.00541592
0.00541115
0.00546384
0.00545001
0.00538301
0.00550699
0.00539589
0.00547004
0.00542998
0.00548291
0.005481
0.00543618
0.0054462
0.00545788
0.00542402
0.00546598
0.00546002
0.00542212
0.00547791
0.00549889
0.00543904
0.00548983
0.00571012
0.00544691
0.00541902
0.00539804
0.005445
0.00540709
0.00537801
0.00543618
0.00543284
0.00538397
0.00539207
0.00539923
0.005481
0.00545287
0.00543499
0.00541401
0.00543785
0.005445
0.00543213
0.00546384
0.00546408
0.00542688
0.00544977
0.00537992
0.00541091
0.00543308
0.00543404
0.00547695
0.00543284
0.005481
0.00542307
0.00547814
0.00546813
0.00541496
0.00542498
0.00546694
0.00544405
0.00545502
0.00542521
0.00545001
0.00541496
0.00542498
0.005404
0.00544
