0.00020504
0.000222921
0.000216007
0.000233173
0.000216961
0.000226021
0.000201941
0.000209093
0.00020504
0.0002141
0.000211954
0.0002141
0.000200033
0.000210047
0.000192881
0.00019598
0.000211
0.000228882
0.000215054
0.000219107
0.000216007
0.000217915
0.000198126
0.000221968
0.000211
0.000204086
0.000213146
0.000182867
0.000200987
0.000185013
0.000207901
0.000221014
0.000200033
0.000203848
0.000225067
0.000181198
0.000178099
0.000208855
0.000196934
0.000212908
0.000205994
0.000240803
0.000234842
0.000225067
0.000211954
0.000228167
0.000203133
0.000202894
0.000222921
0.000200033
0.000296116
0.000208139
0.000302076
0.000231981
0.00027585
0.000280857
0.000292063
0.000233173
0.000204086
0.000196934
0.000222206
0.000220776
0.00019598
0.000185013
0.000204802
0.000221014
0.000195026
0.000187874
0.000231981
0.000221014
0.000217915
0.000211
0.000203133
0.000217915
0.000218868
0.000219822
0.000215054
0.000198126
0.000241995
0.000211
0.000211
0.000217915
0.000242949
0.000212908
0.000209093
0.000194073
0.000210047
0.000203133
0.000197887
0.00022316
0.000198841
0.000219822
0.000241041
0.00022006
0.000244141
0.000231028
0.000226974
0.000227928
0.000200987
0.000223875
