2.27917
2.26878
2.26331
2.24629
2.25646
2.25714
2.28003
2.27133
2.24299
2.2756
2.25365
2.277
2.27096
2.26298
2.27314
2.24751
2.26227
2.2582
2.26814
2.27582
2.28123
2.26561
2.25393
2.27155
2.26772
2.26239
2.27074
2.25862
2.27609
2.26176
2.26426
2.2635
2.25073
2.25713
2.25493
2.2763
2.27703
2.25254
2.27121
2.26134
2.25317
2.26243
2.25061
2.25636
2.26889
2.27796
2.25236
2.25485
2.27158
2.26275
2.2563
2.28146
2.27968
2.26629
2.26823
2.26594
2.27693
2.26479
2.26421
2.26784
2.2797
2.25195
2.25421
2.27558
2.25376
2.26979
2.25794
2.272
2.25095
2.25457
2.26286
2.26652
2.26661
2.24574
2.26404
2.27157
2.24659
2.26865
2.25823
2.26361
2.26188
2.26499
2.25606
2.28384
2.28455
2.25377
2.25957
2.26707
2.27216
2.27025
2.26279
2.26849
2.26035
2.28278
2.26559
2.26767
2.25904
2.27436
2.26191
2.26393
