2.00801
1.93156
1.93715
1.72841
1.93049
2.31797
1.94152
1.9401
1.6097
2.00498
1.61871
1.93428
1.73279
1.94222
1.94543
2.04969
1.94023
1.85795
1.93489
1.93127
1.60407
1.99641
1.60867
1.90361
1.90036
1.70747
1.94451
1.94084
1.93897
1.94203
1.74406
1.81732
1.99521
1.55343
1.94244
1.6137
1.94219
1.93645
1.94332
1.94993
1.93976
1.94682
1.96801
1.94124
1.94324
1.92597
1.94725
1.94152
1.86598
1.95805
2.20849
2.2647
1.59843
1.84031
1.93889
2.0925
1.85498
1.9333
1.9434
1.94422
1.93524
1.9363
1.92048
1.82752
2.05109
1.94514
1.93827
1.94121
1.93518
1.94785
1.95143
1.86115
1.94277
1.93964
1.93241
1.9352
1.93487
1.93889
2.19088
1.93839
1.93799
1.93826
1.94115
1.93768
1.93771
1.94062
2.00656
1.9478
1.94401
1.93388
1.93918
1.93356
1.93192
1.93688
1.99141
1.94522
1.93564
1.93201
1.93902
1.93579
