0.020999
0.013905
0.0138259
0.0138848
0.013927
0.0139148
0.013864
0.0138481
0.0139151
0.013824
0.013828
0.0138719
0.0138719
0.013895
0.013839
0.013813
0.0138831
0.013901
0.0139101
0.0140791
0.013881
0.0139399
0.013921
0.0138979
0.0138261
0.0138712
0.013871
0.0138631
0.0139639
0.013876
0.0139391
0.0139861
0.013845
0.013793
0.0138321
0.0138781
0.013864
0.0139091
0.01388
0.0138981
0.0138841
0.0138431
0.013901
0.0139089
0.013871
0.0138662
0.0148399
0.013886
0.0139489
0.0139039
0.013864
0.0138669
0.0139019
0.013885
0.0139189
0.0138171
0.0139041
0.0138988
0.013895
0.013834
0.013844
0.013947
0.0138741
0.0138469
0.013875
0.0139692
0.0138972
0.0141609
0.0138969
0.0138099
0.01386
0.013869
0.0138841
0.013907
0.0137219
0.01386
0.0138719
0.0138881
0.01386
0.01442
0.013869
0.0138969
0.013881
0.0138412
0.0138509
0.01404
0.013849
0.0138938
0.0138891
0.013896
0.013804
0.01389
0.0139141
0.0139232
0.013921
0.013844
0.0138059
0.0138838
0.013917
0.0138249
