0.0211442
0.021672
0.0206881
0.0211661
0.021734
0.020834
0.021455
0.021147
0.0213969
0.0215371
0.0215662
0.021759
0.02194
0.0209591
0.023243
0.0215821
0.022732
0.0210729
0.0222411
0.021385
0.0226109
0.022553
0.0210121
0.021497
0.0234239
0.020607
0.0212471
0.0214829
0.021137
0.022644
0.0210118
0.021379
0.0206671
0.021183
0.021008
0.0226691
0.021488
0.0205991
0.0212262
0.0225022
0.0230961
0.021044
0.020685
0.020942
0.0210018
0.021816
0.0211649
0.02174
0.0209761
0.023144
0.0227649
0.0217688
0.021075
0.022438
0.0223491
0.0214069
0.023623
0.0207429
0.021512
0.0222321
0.0211601
0.021359
0.0214798
0.0206349
0.0223429
0.0211501
0.023031
0.0209711
0.0227971
0.0214851
0.0231299
0.020869
0.0235701
0.020792
0.0209229
0.0221741
0.0216758
0.0214961
0.0241241
0.022136
0.021584
0.0217452
0.0213552
0.0216379
0.022541
0.021997
0.021034
0.020875
0.021451
0.021493
0.0206931
0.0220509
0.0217319
0.021667
0.0211279
0.0215528
0.0218019
0.021903
0.020642
0.0212841
