0.017956
0.01722
0.0178809
0.0182712
0.0183749
0.016875
0.0175869
0.014679
0.016248
0.0192819
0.019558
0.018851
0.016701
0.0184131
0.016907
0.016475
0.0204351
0.01859
0.019393
0.0171671
0.0198929
0.0161951
0.0160072
0.016156
0.0155072
0.0149422
0.018862
0.0169342
0.016628
0.0165401
0.016145
0.0215399
0.0166829
0.0146871
0.0163841
0.0163369
0.016011
0.016892
0.0154231
0.0156059
0.0169928
0.014231
0.0216768
0.0156522
0.014075
0.0137129
0.015125
0.0156522
0.0170431
0.014538
0.0168419
0.0171471
0.0170271
0.0154309
0.0153718
0.0176451
0.0167811
0.01651
0.0141551
0.0172849
0.0147471
0.01565
0.0180762
0.01718
0.016588
0.0164151
0.0165188
0.0171788
0.0154719
0.0164011
0.016144
0.0156238
0.0217531
0.0164189
0.014281
0.0140409
0.014627
0.016551
0.01634
0.0188701
0.014096
0.013859
0.0167279
0.017482
0.0155499
0.0158238
0.0217509
0.0141931
0.017401
0.0215142
0.0171351
0.0161698
0.016618
0.01612
0.01688
0.015703
0.0162451
0.0167229
0.0165012
0.0140281
