0.0240571
0.02316
0.0223029
0.023325
0.023246
0.0244448
0.023242
0.0229561
0.0220411
0.0237238
0.023757
0.0222521
0.0233309
0.0258372
0.0243878
0.0238149
0.027385
0.0229421
0.0257511
0.023905
0.0232141
0.0225651
0.0233352
0.0239589
0.0220759
0.0243602
0.022639
0.0223298
0.0233071
0.0233762
0.022295
0.022162
0.0236771
0.023263
0.0229719
0.0242131
0.0232151
0.0227289
0.022594
0.022722
0.0251501
0.022444
0.0244648
0.0248368
0.023946
0.0241868
0.024765
0.0231891
0.023025
0.0230792
0.022068
0.023448
0.0233479
0.0237441
0.0241802
0.0225799
0.0237489
0.0220602
0.0238891
0.0248001
0.0230639
0.0230391
0.0236089
0.023654
0.0242941
0.023798
0.0244439
0.0238299
0.0232811
0.0246658
0.025342
0.0250812
0.024533
0.022372
0.023886
0.022438
0.0227151
0.0256131
0.0246248
0.023279
0.0242939
0.0254941
0.0245759
0.0225861
0.0236039
0.0253689
0.0244081
0.0233412
0.02316
0.0244448
0.024894
0.0228388
0.0245171
0.0241261
0.0243552
0.0259299
0.0240929
0.0221832
0.025851
0.0249152
