0.00690198
0.0081749
0.00804305
0.00824904
0.00757694
0.00772405
0.00690699
0.00756812
0.00815487
0.00787497
0.00824499
0.00781393
0.00766993
0.00715709
0.00807095
0.00823212
0.0077529
0.00776911
0.00695896
0.0080471
0.00807405
0.00773406
0.00756907
0.00802398
0.00690818
0.007164
0.00821495
0.00832701
0.00803494
0.00692391
0.00716496
0.00818205
0.00698709
0.00754309
0.00691795
0.00806403
0.00803804
0.00813603
0.00815415
0.00753903
0.00830793
0.0069592
0.00830984
0.00801492
0.00826097
0.00785017
0.00772905
0.00694799
0.00692987
0.00803113
0.00810289
0.00694203
0.00819683
0.00753808
0.00807905
0.00803399
0.00787807
0.00849795
0.00739408
0.00759196
0.0080719
0.0078032
0.00759697
0.00824404
0.00830412
0.00758219
0.00811505
0.00816393
0.00692606
0.00759602
0.00831103
0.00815392
0.006953
0.00759006
0.00759292
0.00754905
0.007586
0.00697494
0.00827622
0.00801992
0.00693703
0.00804496
0.00802183
0.00692391
0.00807905
0.00829291
0.00694704
0.00829601
0.00778484
0.00693011
0.00756311
0.00693822
0.0076251
0.00799799
0.00693703
0.00691795
0.008111
0.00812483
0.00816107
0.00824308
