0.00717092
0.00802493
0.00734591
0.00759697
0.0100799
0.00921106
0.00733805
0.00712109
0.00759101
0.00767398
0.00775313
0.00713491
0.00737906
0.00760102
0.00759506
0.00744295
0.00743103
0.00775003
0.00732708
0.007267
0.00782204
0.00777888
0.0074079
0.00800896
0.00697589
0.00757504
0.00744104
0.00733709
0.00718093
0.00714302
0.00692105
0.00736213
0.0072341
0.00706005
0.00711203
0.00754905
0.00781417
0.00730896
0.00725484
0.00763083
0.00713301
0.00761294
0.00742793
0.00769091
0.00758791
0.00799298
0.00799513
0.00759697
0.00709295
0.00797319
0.00713301
0.00726008
0.00720811
0.00733018
0.00857306
0.00820899
0.007236
0.00762606
0.00786805
0.007792
0.00742292
0.00800896
0.00820804
0.00791097
0.00796604
0.00785112
0.007622
0.00794792
0.00835991
0.00768399
0.00763679
0.00930214
0.008358
0.00775003
0.00757217
0.00752592
0.00703382
0.00770092
0.00905395
0.00746894
0.00812507
0.00789499
0.00771189
0.00704384
0.00698614
0.00729203
0.00780392
0.00771213
0.00827003
0.00781393
0.00868082
0.00712705
0.00841618
0.00772309
0.00698495
0.00703001
0.00679183
0.00756216
0.00762296
0.00746894
