0.272961
0.264289
0.267962
0.271819
0.274025
0.26796
0.268664
0.269544
0.272857
0.272777
0.265113
0.272292
0.271393
0.272153
0.275103
0.265412
0.282117
0.264661
0.27562
0.273395
0.264383
0.264988
0.264338
0.274626
0.270598
0.266378
0.28204
0.272428
0.265344
0.278924
0.272579
0.270614
0.264803
0.26478
0.275121
0.268234
0.271113
0.269718
0.262652
0.26986
0.274996
0.270786
0.271153
0.268902
0.276758
0.275051
0.26486
0.271519
0.269155
0.265084
0.274419
0.266226
0.269054
0.271899
0.270274
0.265799
0.270134
0.267052
0.267713
0.275336
0.274572
0.278522
0.265847
0.275997
0.272135
0.267216
0.271355
0.267673
0.280886
0.277949
0.263806
0.273856
0.268601
0.271626
0.266543
0.270591
0.267952
0.272129
0.273148
0.271222
0.278056
0.271447
0.271239
0.267752
0.26775
0.272408
0.263184
0.268074
0.270471
0.276891
0.274228
0.268995
0.267314
0.269377
0.271424
0.271467
0.270164
0.271959
0.265195
0.270795
