0.010746
0.0102119
0.0102448
0.010215
0.010262
0.01021
0.010273
0.0102851
0.010241
0.0102592
0.010253
0.010293
0.0102999
0.0102649
0.0102451
0.010237
0.0102611
0.010222
0.0102282
0.0102699
0.0102401
0.0102489
0.0102499
0.0102348
0.010247
0.0102608
0.0102801
0.010258
0.0102239
0.0102651
0.0102761
0.0102561
0.0103021
0.0103359
0.0102389
0.0103061
0.0102451
0.0102711
0.0102601
0.010277
0.010268
0.0102489
0.0102379
0.0102651
0.0102339
0.0103312
0.010272
0.0102949
0.0102761
0.0102129
0.010226
0.0102229
0.010262
0.0102301
0.0103998
0.0102701
0.0102739
0.0105751
0.0102639
0.010308
0.0102739
0.010294
0.010257
0.0102539
0.0102451
0.0102599
0.0102959
0.010267
0.010222
0.0102761
0.0102808
0.0102599
0.0102699
0.0102389
0.0102222
0.0102429
0.0102301
0.0103052
0.0102541
0.0103261
0.0102451
0.0102289
0.0102811
0.0102549
0.010242
0.0102241
0.0102401
0.0102911
0.010319
0.0102122
0.010258
0.0102429
0.010262
0.0102489
0.0102551
0.0102839
0.010283
0.01036
0.0102501
0.010247
