0.563853
0.555936
0.554018
0.557445
0.553692
0.556221
0.555533
0.557048
0.553218
0.557923
0.554509
0.55484
0.554006
0.554616
0.553802
0.553692
0.555428
0.555559
0.553952
0.55524
0.55859
0.555427
0.555436
0.553648
0.555801
0.55514
0.555942
0.554616
0.554828
0.554969
0.552534
0.555814
0.557076
0.557885
0.555918
0.555313
0.55612
0.555756
0.554133
0.553087
0.554752
0.557799
0.554581
0.554476
0.55245
0.553574
0.554422
0.555627
0.552989
0.552469
0.556705
0.556535
0.554514
0.555989
0.553153
0.556187
0.556393
0.554109
0.55511
0.553643
0.553693
0.554621
0.553138
0.55582
0.556379
0.555656
0.556997
0.554076
0.556384
0.555413
0.554409
0.556604
0.558689
0.556906
0.554277
0.557327
0.559206
0.555601
0.556731
0.556381
0.552931
0.553894
0.552888
0.55479
0.554847
0.555949
0.55533
0.553456
0.556356
0.558643
0.556444
0.554958
0.554662
0.557092
0.556755
0.555943
0.555374
0.553542
0.552793
0.556015
