0.014097
0.0141361
0.0134969
0.0133131
0.013288
0.0134299
0.0133128
0.0134728
0.013288
0.0133271
0.0132952
0.01335
0.0133321
0.0132639
0.013299
0.013315
0.0133178
0.0132802
0.0132818
0.0132949
0.0133061
0.013298
0.013288
0.0133309
0.0132971
0.013289
0.013324
0.0133672
0.013299
0.0132718
0.013274
0.013258
0.0133281
0.0132911
0.0132759
0.0133159
0.013315
0.013294
0.0132608
0.013304
0.0132911
0.0132899
0.0133271
0.013299
0.0133331
0.0135059
0.013324
0.01332
0.023772
0.0139852
0.013401
0.013715
0.013262
0.0133049
0.0133319
0.013423
0.0133431
0.0133269
0.013479
0.013576
0.013303
0.013803
0.013284
0.0136671
0.013468
0.014374
0.013289
0.0133779
0.0150049
0.013952
0.0133212
0.014008
0.014297
0.013356
0.0141699
0.0132861
0.013289
0.0133212
0.0144711
0.0138152
0.0132692
0.013392
0.0138509
0.01331
0.013381
0.0147309
0.0133371
0.014087
0.0143201
0.0134301
0.0138869
0.0133049
0.013314
0.0134909
0.0135162
0.0133581
0.0133169
0.0133579
0.0133181
0.013335
