0.044385
0.045064
0.045429
0.0443771
0.044358
0.0443182
0.0441608
0.0443659
0.0441689
0.0449679
0.0441699
0.045197
0.0452011
0.0441241
0.0443199
0.044143
0.0445559
0.0442231
0.0441871
0.0443382
0.0442309
0.044431
0.044452
0.044306
0.0454559
0.0444009
0.04458
0.0444069
0.0442798
0.0444009
0.0447149
0.0442419
0.0442481
0.044297
0.0442939
0.0443661
0.0443659
0.0441949
0.0445459
0.044312
0.0443521
0.044776
0.0447891
0.044791
0.0442731
0.0444632
0.045382
0.044358
0.0517778
0.044564
0.0447371
0.0451841
0.047529
0.0443749
0.044662
0.0442719
0.0449328
0.044265
0.044879
0.045908
0.0445509
0.0473018
0.0445518
0.044776
0.0446911
0.0455592
0.044348
0.045047
0.044945
0.0447659
0.044836
0.0445402
0.044594
0.044399
0.0443449
0.044636
0.0446701
0.0448871
0.0463569
0.045346
0.0470262
0.0470459
0.0474849
0.0444472
0.0460241
0.0488989
0.0449679
0.0449231
0.04617
0.044611
0.0449889
0.044838
0.045691
0.0446949
0.045362
0.0462971
0.0455689
0.045563
0.0455892
0.0451901
