10000 10000
5000
0 7445
1 4685
5 1339
10 7157
18 6686
19 6037
20 2529
20 4977
21 8724
22 5597
26 1981
28 5673
29 7233
29 619
29 1008
29 5831
34 2167
35 566
41 8481
46 7690
46 6450
47 7226
47 3347
52 9999
52 1380
54 509
59 7885
59 8293
60 4013
63 2437
65 511
66 64
69 7651
69 5773
76 1639
82 4367
85 5411
85 2447
86 4040
90 7948
95 8879
95 3520
98 5311
99 5445
99 5040
101 856
102 5541
103 5556
110 8222
111 9290
113 9359
118 8579
119 969
121 2605
122 1794
123 6916
123 1558
123 5020
124 6324
125 9443
129 1716
131 1699
132 5563
134 707
136 9360
141 9278
143 4130
144 4820
144 8378
145 7026
145 450
147 7442
153 4784
153 9120
157 8473
159 2239
160 5473
161 9927
164 9734
166 7526
170 4623
171 7251
178 390
180 9258
181 8542
183 4666
186 1449
188 3412
189 3539
189 3241
191 8701
191 1243
192 3233
193 1749
193 5966
194 3122
198 7935
198 9034
199 1260
201 9559
202 2609
207 5688
207 6717
207 4846
211 6600
214 9485
214 6787
214 4329
215 550
217 7838
219 1814
219 2277
221 6680
223 528
226 1926
227 3235
231 4396
234 3649
235 612
242 6723
244 8422
244 3053
250 8269
252 8760
254 6768
258 3755
259 5959
263 5452
263 4478
264 7536
269 5871
269 8695
272 492
273 2731
275 5298
276 3329
278 5496
279 3395
281 3315
283 6931
283 1387
285 4267
287 8741
288 518
290 430
291 4359
292 7521
295 9518
295 2638
296 612
297 9365
297 2116
297 2019
299 4176
299 5765
299 9031
301 3402
301 3878
307 3122
314 6073
317 9499
321 8322
322 7654
323 3774
324 175
330 5313
333 1064
339 7281
339 912
340 7927
341 1268
341 6465
343 3536
343 8214
343 1876
344 8869
344 2091
345 907
346 5962
347 5877
347 1663
348 9131
349 5292
349 6626
350 1433
351 7918
352 9754
353 4027
355 378
361 1491
361 2437
361 9360
363 2642
364 4071
369 7008
370 1465
371 263
377 6843
379 2668
380 9138
381 4327
386 8404
387 2573
388 2207
391 5023
394 3231
396 6299
397 4860
397 5687
398 5148
400 377
401 4307
401 9994
404 8319
407 9808
408 1096
411 4823
412 4959
418 2020
425 1562
431 713
434 5339
440 3062
440 6885
442 2356
445 2717
446 117
447 5046
447 806
449 9134
450 868
453 750
458 2149
459 5989
461 7798
472 174
473 6467
476 9979
481 7203
481 1441
485 6490
490 157
492 1169
492 6748
493 7063
493 2339
495 3719
496 5730
498 2826
499 6969
499 7599
500 482
504 5651
506 6264
508 6550
509 1305
509 693
509 1642
514 4828
515 9449
515 4130
518 150
518 2635
519 8972
520 9041
523 2738
524 5449
526 1278
533 429
534 8142
535 5269
539 7113
540 845
543 3697
543 1126
553 2739
556 4412
557 100
557 5605
564 7335
565 4321
567 5068
567 4645
568 6388
569 8171
571 3151
573 7491
574 980
576 8006
578 8841
580 2569
585 5591
587 3679
588 4609
593 3121
595 6925
599 6682
607 6671
608 3148
608 2238
608 59
611 9382
612 5242
612 502
612 7503
621 3772
623 1981
623 4968
623 4027
625 5398
628 1453
630 4155
632 6099
632 4412
639 5195
641 7640
642 3873
642 3349
642 427
643 671
643 6191
644 9349
644 8915
644 4107
656 9667
656 2540
660 1804
665 678
666 4698
667 8365
669 1001
671 5241
671 4892
671 9651
673 142
674 4999
674 125
676 5828
676 599
677 7971
681 2222
681 434
685 7686
686 8521
688 7198
689 9692
694 7318
695 1787
695 3211
698 5511
698 2397
698 5932
699 5042
699 1041
700 6217
708 8853
711 5447
713 5487
714 2879
715 3994
716 6723
717 7141
720 1008
726 1719
728 7479
732 9265
736 8819
740 1206
742 5512
746 2266
748 8968
749 8639
750 9931
753 1375
753 1968
757 5250
762 6577
763 5326
766 302
766 2708
767 1966
768 1876
768 4308
772 680
772 1016
776 5550
777 5551
777 697
780 3806
781 3526
782 8392
782 1248
783 6918
783 2954
784 5773
789 4796
789 7870
789 5396
790 7448
790 7174
793 1065
793 1589
796 2593
797 7013
802 169
802 9541
804 8170
807 6262
810 4416
811 8564
813 3568
814 5002
815 4482
817 398
821 3162
824 6419
824 2745
824 9526
825 2267
825 1936
827 7617
827 4894
828 8221
828 5795
830 3281
837 1248
837 2385
839 5237
842 650
842 6957
844 3384
845 7511
845 3164
845 7699
846 9640
849 8232
852 7356
856 1219
858 8190
862 1853
866 2536
871 6888
872 6789
874 8333
877 3605
878 199
881 1525
882 7817
884 9011
884 9510
886 5138
888 1133
888 6458
890 7541
892 9542
892 166
894 4912
894 2499
896 573
904 8077
905 2461
906 506
911 4747
912 1409
914 7940
915 7998
915 3103
916 6798
916 914
918 4478
921 7994
923 122
925 8701
929 5316
929 9774
930 9756
941 9069
942 7836
948 1309
948 11
949 1473
949 6605
949 4813
951 9902
951 7208
960 3457
965 7906
967 8699
968 9308
970 8566
972 759
975 8154
977 5913
978 4996
981 7515
985 9983
985 9262
987 6963
988 2726
990 8237
994 8790
995 6063
996 6125
997 3122
1000 3302
1005 5208
1005 7987
1005 9827
1014 7209
1015 1112
1017 9261
1019 7988
1020 6384
1020 4901
1022 9350
1027 9343
1030 6402
1031 3788
1031 717
1033 6067
1033 210
1033 507
1034 4439
1037 9363
1037 7299
1041 4284
1047 3145
1057 6619
1057 836
1059 3923
1063 4858
1063 5443
1063 1457
1064 8037
1064 4640
1064 2656
1069 4574
1069 7645
1071 2940
1071 1039
1073 7145
1076 9451
1076 641
1077 779
1078 1701
1082 2020
1091 3397
1093 1859
1093 9319
1093 9152
1099 8084
1099 4589
1099 4181
1100 1118
1100 3832
1102 7909
1104 59
1105 5686
1110 4223
1111 6030
1112 7183
1112 3283
1115 6204
1116 6262
1116 5767
1117 4109
1117 4669
1118 9392
1121 9902
1121 7343
1124 5197
1126 6358
1127 4509
1127 8770
1130 1351
1130 6151
1134 7646
1142 1882
1142 4834
1145 4789
1145 4123
1145 3616
1151 5624
1155 3378
1156 6463
1156 2256
1157 669
1160 558
1161 8136
1163 3919
1167 2308
1168 3723
1178 3561
1179 3107
1180 4434
1183 5973
1183 8605
1186 8179
1190 6903
1191 9291
1198 7268
1201 6569
1203 3806
1206 4934
1207 4340
1214 3498
1216 7390
1218 9414
1219 5157
1220 9144
1223 1102
1227 8614
1231 9599
1231 331
1233 1205
1233 2125
1237 8682
1238 6738
1239 7023
1240 5512
1240 54
1243 7176
1248 1273
1249 1518
1251 1540
1254 3998
1255 2003
1256 8510
1257 4771
1258 5968
1258 2929
1259 5929
1259 823
1259 5383
1261 6286
1262 9130
1264 5916
1264 1987
1267 7333
1272 551
1272 5612
1273 9817
1273 4860
1276 3320
1281 989
1285 8286
1287 9712
1291 7374
1292 9677
1292 6337
1293 6178
1296 6223
1296 9715
1298 6050
1299 4168
1299 8828
1300 870
1301 6553
1301 1578
1306 5976
1306 1394
1306 8130
1307 5545
1307 4508
1310 1302
1312 3532
1314 5571
1315 1152
1316 3833
1318 946
1319 5396
1319 9491
1323 2988
1325 7544
1325 8576
1326 2272
1327 8802
1333 7284
1335 7853
1335 4011
1342 3261
1349 4241
1353 8692
1355 6605
1360 1926
1362 4522
1364 1267
1365 4552
1368 6167
1370 6183
1371 9541
1374 673
1375 4832
1376 523
1376 773
1376 7945
1377 3605
1383 1153
1386 9257
1387 2404
1387 6713
1387 2202
1388 4204
1389 5444
1389 4781
1392 5608
1393 5537
1394 5002
1394 7560
1396 4635
1396 8410
1401 3871
1402 4066
1403 415
1404 9520
1404 1254
1405 132
1405 9989
1409 2779
1410 9505
1410 7062
1412 4216
1416 8064
1420 9464
1421 6737
1422 8905
1422 2382
1422 6127
1422 8227
1426 9075
1427 598
1429 7026
1429 6560
1431 6591
1432 8547
1432 8484
1434 4842
1445 5985
1447 5760
1449 4648
1450 5773
1451 9113
1452 3326
1455 9153
1455 3382
1456 2853
1467 1965
1467 3927
1467 9680
1468 1249
1468 490
1470 5302
1470 1030
1476 4492
1477 3936
1482 8511
1483 7397
1484 4802
1484 1251
1486 1441
1488 5778
1489 5331
1490 429
1491 2422
1491 4293
1496 6725
1496 6972
1496 6893
1500 7070
1501 8612
1501 6021
1505 5493
1505 7688
1507 2393
1508 450
1509 1330
1511 199
1513 4224
1515 7207
1516 4061
1516 8442
1516 5566
1520 678
1527 2572
1532 1537
1532 8264
1536 4538
1537 3679
1537 2646
1540 3547
1542 955
1544 2263
1546 6391
1546 637
1549 2462
1551 2322
1551 6055
1554 3558
1555 4272
1556 8447
1560 1921
1562 4676
1564 8264
1564 551
1564 7439
1565 948
1570 2570
1572 5961
1574 4089
1576 9729
1576 6647
1577 7746
1579 6626
1583 471
1583 1011
1584 8214
1585 6119
1589 1662
1589 8857
1589 4992
1590 3369
1592 311
1594 4105
1595 1275
1596 7461
1597 9663
1598 8919
1599 6967
1602 5684
1602 4225
1603 1204
1603 9180
1605 8167
1607 849
1608 7393
1608 6168
1611 2948
1612 1184
1613 7264
1618 46
1621 3718
1621 4919
1623 2115
1624 9501
1625 4517
1625 2445
1632 4908
1636 8439
1636 5831
1637 6844
1643 548
1643 6222
1649 6221
1650 6023
1651 6447
1653 9488
1654 9390
1655 1179
1655 6492
1657 8369
1657 4549
1658 1898
1664 5771
1666 5060
1668 6397
1669 5240
1669 1094
1670 4050
1670 5471
1676 3210
1677 7644
1687 1629
1687 9246
1688 2042
1692 377
1693 5476
1693 8052
1695 6105
1698 5706
1700 1292
1701 1608
1702 4040
1704 5893
1706 6318
1707 4865
1709 8406
1709 3342
1709 5122
1711 4459
1713 3153
1714 4685
1715 1699
1718 6279
1722 8686
1723 3499
1723 6861
1725 1780
1733 8234
1735 6236
1736 3051
1738 5843
1741 4050
1748 2337
1755 856
1756 9758
1758 5952
1759 1388
1760 8001
1767 7219
1767 6846
1770 5792
1774 3675
1777 9023
1779 8882
1780 310
1781 7095
1781 150
1781 5186
1784 8427
1785 6953
1786 3369
1788 7213
1791 5894
1793 572
1793 1663
1799 64
1799 4144
1799 7135
1801 7908
1801 5115
1802 3910
1803 5059
1803 4727
1806 4563
1808 9667
1809 8127
1810 3588
1812 2488
1818 1029
1818 5285
1819 7627
1819 4513
1820 3570
1821 7059
1821 3537
1825 8602
1827 4506
1830 2356
1833 2921
1835 4353
1843 5578
1844 8452
1847 338
1849 8057
1850 7031
1851 8711
1852 8114
1854 1843
1864 7596
1865 1360
1868 691
1874 3011
1876 6613
1877 1289
1878 2810
1881 9045
1881 3878
1886 1086
1891 4860
1893 6688
1894 7447
1897 7422
1900 8204
1900 5396
1902 9702
1903 9852
1904 9544
1904 348
1907 7104
1908 907
1909 1822
1909 3568
1910 6979
1910 490
1912 1356
1912 6721
1917 498
1919 4377
1919 9311
1920 8970
1924 6071
1925 2124
1927 3544
1930 3798
1930 356
1932 44
1932 3119
1938 6344
1940 8356
1945 2368
1945 9559
1949 5104
1951 7273
1953 7745
1961 5701
1966 5367
1969 899
1969 2167
1972 9036
1972 172
1973 8372
1973 841
1978 6110
1978 7610
1979 1665
1981 5179
1983 1577
1983 8222
1984 9168
1989 5803
1989 8664
1991 6972
1992 1663
1993 3383
1997 9785
2000 6621
2000 7111
2002 8683
2004 297
2005 7604
2005 7646
2006 1802
2007 7644
2010 2872
2010 8885
2012 1838
2013 2383
2014 239
2017 4250
2017 7627
2027 1580
2027 9257
2032 7476
2037 1777
2054 6619
2054 7062
2057 967
2061 6456
2062 3988
2064 7578
2065 7915
2078 727
2079 2589
2079 8465
2080 5475
2084 71
2085 6716
2088 643
2088 4626
2089 4788
2090 2556
2091 7375
2094 2670
2095 1285
2096 8512
2101 991
2102 2645
2104 1027
2104 4732
2107 5597
2115 4747
2117 57
2119 6251
2120 4109
2123 6421
2128 1780
2129 5788
2134 260
2136 887
2138 5839
2140 8105
2141 3220
2143 2243
2144 7815
2145 4244
2147 2078
2148 7256
2149 2773
2150 4614
2151 3461
2152 1674
2154 8577
2155 2958
2160 9365
2172 342
2173 1934
2174 6230
2176 2993
2177 1201
2183 6089
2184 5285
2186 2888
2187 3992
2189 241
2190 8473
2192 988
2200 5569
2203 7916
2212 2141
2215 9805
2223 3098
2224 4428
2225 9547
2225 7186
2226 4330
2232 8015
2233 7879
2235 113
2239 2667
2240 4051
2242 8273
2242 8050
2244 8052
2254 84
2255 7003
2260 7960
2261 4618
2263 7999
2265 2602
2269 8529
2269 5061
2271 7543
2272 262
2273 5122
2274 1195
2276 770
2277 8617
2277 3298
2278 4689
2279 133
2281 7967
2287 6048
2290 4222
2291 6233
2291 2662
2292 5188
2293 2480
2297 1928
2297 4596
2302 556
2308 6963
2308 7695
2311 5565
2311 9071
2314 8395
2320 9203
2327 7261
2329 748
2329 1791
2330 322
2338 80
2339 8615
2339 4780
2339 2623
2340 4744
2343 2213
2344 2920
2348 7327
2349 2306
2349 915
2352 5037
2352 5956
2352 9346
2353 3409
2354 4405
2356 1449
2357 2049
2363 713
2365 6900
2366 3106
2366 7477
2369 2194
2371 1867
2377 7810
2378 4751
2378 1657
2383 4556
2386 2019
2387 2851
2388 7415
2391 1627
2393 2746
2394 722
2395 2948
2395 9641
2397 9065
2400 9810
2403 842
2406 9871
2407 8659
2408 7800
2408 1346
2408 5654
2415 8049
2417 4839
2418 4456
2423 1793
2426 7147
2426 4218
2426 7443
2427 9264
2428 1480
2429 4280
2430 9221
2433 5611
2438 1134
2442 8445
2443 6725
2447 9406
2452 6477
2455 4292
2456 4256
2463 71
2463 7576
2466 6334
2467 2142
2468 5688
2476 4810
2478 540
2482 2240
2483 2464
2497 3452
2499 6571
2501 9990
2502 5380
2502 9882
2503 4603
2503 9936
2504 6222
2505 5908
2507 5365
2509 4098
2510 3931
2511 8301
2512 6255
2514 763
2515 3008
2515 1679
2520 9669
2521 7572
2524 2151
2528 2079
2529 8303
2531 209
2531 7717
2533 6077
2538 7853
2539 2199
2541 9031
2541 1491
2542 1883
2542 5638
2543 928
2544 8364
2545 1998
2549 5067
2549 8832
2552 6637
2553 8318
2553 5240
2554 1267
2560 4035
2561 6857
2563 5885
2566 8031
2568 7112
2575 7229
2576 4007
2577 446
2582 9113
2583 9387
2585 5551
2585 174
2586 1114
2587 7326
2589 3665
2590 3691
2592 4196
2593 4418
2597 7404
2599 7993
2604 105
2604 3956
2605 4239
2608 5648
2612 7497
2616 6432
2617 387
2618 2252
2620 8158
2621 7639
2625 3559
2629 7483
2630 2284
2631 3891
2633 4707
2635 865
2637 4650
2646 5630
2652 1543
2658 9128
2658 1404
2661 5851
2662 5839
2664 4082
2664 9310
2670 9164
2671 3779
2671 8228
2673 5732
2677 6450
2678 3588
2678 9611
2679 3992
2680 3035
2687 1740
2687 1184
2689 1247
2690 6000
2690 3665
2692 8070
2694 9939
2698 285
2703 3074
2706 8892
2708 3439
2709 7626
2711 3640
2714 4766
2716 2315
2716 6987
2716 1288
2717 480
2722 9314
2722 358
2723 2561
2724 7049
2725 5214
2733 8086
2733 1475
2736 1567
2744 5931
2747 538
2748 9848
2748 2636
2749 893
2749 4454
2754 2961
2755 4264
2755 9658
2757 1498
2759 6402
2760 3609
2761 7975
2763 9031
2765 7393
2765 8208
2766 9754
2769 8079
2774 6617
2774 2469
2775 5612
2775 2649
2776 3469
2777 2952
2779 8654
2779 9273
2780 408
2780 817
2781 8082
2781 41
2783 4338
2783 7438
2784 6677
2792 9558
2795 3283
2795 4374
2795 384
2796 635
2800 909
2800 3415
2803 1638
2805 7740
2805 1889
2809 7971
2809 8167
2811 2416
2813 9026
2815 9204
2815 490
2817 4214
2818 1828
2824 8326
2824 1346
2824 9661
2825 8009
2828 8567
2831 3751
2832 2541
2837 3211
2837 1408
2838 654
2840 3189
2843 955
2843 6657
2846 7124
2849 7921
2850 5054
2857 7853
2862 1527
2865 3499
2867 7581
2868 4473
2868 6715
2868 3808
2869 8612
2870 6542
2872 5236
2875 9976
2877 2563
2880 3315
2880 3285
2883 1405
2886 7939
2890 6341
2893 933
2894 7763
2895 8973
2896 3617
2897 5657
2897 5659
2902 63
2904 9167
2907 1779
2910 8370
2911 4452
2912 6977
2917 1446
2918 2240
2920 1883
2920 1580
2922 509
2926 6037
2927 3746
2928 4466
2931 5695
2935 469
2936 4574
2936 498
2937 1203
2938 6366
2939 2203
2940 3959
2940 9169
2949 2392
2951 1668
2955 9994
2956 6956
2956 7265
2960 8460
2961 8131
2966 2793
2967 1453
2972 8500
2976 2201
2979 4763
2982 9865
2983 9606
2983 9407
2983 7277
2983 600
2984 4121
2984 4162
2985 4988
2985 3475
2985 3212
2986 5732
2987 6422
2989 4643
2995 26
2995 9459
3000 7443
3005 9746
3007 8732
3011 6495
3014 1607
3015 1981
3015 4341
3016 8743
3018 7284
3018 5645
3026 725
3027 3329
3028 3837
3029 9670
3030 9819
3031 5135
3034 1434
3034 7596
3036 5379
3037 5569
3043 4191
3044 8757
3045 3375
3046 698
3046 1517
3051 8862
3051 8807
3054 8819
3055 6979
3056 2430
3057 6301
3057 7508
3063 9723
3067 5322
3068 4302
3070 3849
3072 2339
3073 1669
3075 6291
3079 3933
3081 5135
3081 391
3083 9732
3090 7802
3090 3633
3090 1351
3091 194
3091 8396
3092 5267
3097 2845
3099 7008
3100 6580
3104 3412
3105 6191
3109 6911
3110 4607
3110 4056
3112 3024
3113 9408
3116 380
3118 2442
3121 8488
3126 1591
3128 8049
3129 3608
3130 6381
3131 1543
3133 6806
3133 6881
3134 89
3138 8925
3143 789
3147 6839
3147 2182
3148 3911
3149 4371
3150 3422
3150 5217
3151 8960
3152 9418
3152 117
3153 5281
3155 6637
3157 5452
3157 2935
3160 5737
3165 5391
3165 9722
3174 8624
3174 4133
3178 9492
3179 6913
3179 3325
3180 309
3182 6620
3184 5263
3184 5837
3185 1464
3185 1691
3185 6970
3190 3461
3191 9419
3192 6339
3192 4907
3193 66
3195 3239
3196 7948
3198 6189
3201 6204
3203 3034
3203 7365
3204 3881
3204 3635
3205 8458
3207 3177
3209 1104
3209 283
3210 7891
3211 8967
3212 9140
3215 4861
3216 6176
3217 5265
3217 3923
3225 3725
3227 7262
3228 4355
3230 766
3231 4727
3233 9640
3235 474
3238 6626
3239 5124
3240 8518
3240 5292
3242 4070
3242 608
3242 3064
3243 5321
3243 1977
3246 8195
3248 9648
3254 8936
3262 4793
3262 4987
3263 7113
3263 9373
3264 7080
3265 3704
3266 552
3266 1383
3268 210
3270 9414
3270 1235
3270 5119
3271 1285
3272 1187
3272 5937
3272 6600
3273 261
3274 2180
3274 3067
3277 219
3279 1601
3282 4709
3284 7241
3284 6156
3285 1501
3295 7183
3298 2462
3298 2370
3299 490
3299 2533
3305 1369
3305 9121
3305 875
3308 2282
3308 5249
3308 2261
3310 6331
3311 8566
3314 7307
3315 5444
3320 8903
3320 2766
3325 9477
3331 7113
3331 2994
3333 945
3337 2834
3342 9779
3344 7331
3344 5288
3346 348
3348 7676
3348 3986
3348 9979
3356 2699
3358 4086
3359 3111
3360 51
3361 9610
3361 1397
3361 9631
3361 1564
3361 5471
3364 8955
3365 66
3366 8713
3368 912
3370 6078
3373 148
3374 1405
3377 7314
3377 6288
3378 1758
3378 5724
3381 2058
3383 2649
3386 1704
3388 4899
3389 5772
3390 9453
3391 6485
3394 9701
3398 9038
3400 2924
3404 5813
3404 9472
3405 6749
3407 5728
3407 7326
3408 7885
3411 8152
3415 4865
3425 9632
3426 9459
3426 7988
3427 92
3430 8533
3431 3675
3431 3883
3438 2216
3443 6865
3446 8508
3450 5689
3452 5463
3456 6175
3460 3885
3461 734
3465 4616
3467 2657
3473 1060
3478 7613
3482 8735
3483 5087
3485 5690
3485 3194
3487 5657
3492 2472
3493 4952
3493 7452
3497 3922
3497 1224
3501 3960
3501 7747
3502 1191
3502 9711
3505 1753
3505 5085
3507 3001
3508 1715
3508 5873
3508 6687
3517 5126
3517 6681
3526 10
3527 3345
3530 1796
3530 3929
3533 8899
3533 4503
3534 3482
3535 4963
3540 6133
3540 5784
3541 596
3543 8032
3543 856
3544 4575
3548 8366
3548 5931
3551 9967
3553 3823
3555 6822
3557 6932
3559 6735
3559 9560
3559 7967
3561 1396
3563 3393
3563 7092
3564 6854
3564 1288
3566 4397
3569 9685
3572 9517
3586 5276
3586 3305
3587 6549
3588 4513
3589 1284
3590 8009
3592 815
3594 7083
3597 3425
3598 3098
3598 3245
3600 964
3602 6532
3604 925
3608 67
3608 2686
3610 5994
3612 2071
3612 6530
3619 5268
3620 8055
3620 6478
3622 9987
3622 3795
3624 4660
3625 6971
3625 7505
3626 9978
3627 6121
3633 9798
3642 6389
3644 8862
3644 1376
3644 427
3644 9261
3646 427
3648 6145
3649 121
3655 4797
3663 6223
3663 7064
3667 5064
3668 5582
3668 4560
3669 4151
3670 7629
3670 6906
3672 6443
3672 1492
3676 2337
3679 455
3684 579
3686 2981
3690 6198
3691 6983
3695 3497
3695 752
3699 8967
3700 9410
3702 9887
3702 5157
3703 7095
3703 2696
3704 4180
3704 3002
3710 4816
3713 2540
3715 5392
3720 424
3721 2739
3723 2749
3725 4551
3728 7827
3729 1169
3729 5051
3731 4050
3733 428
3733 2944
3733 6702
3734 254
3735 1582
3741 4322
3742 9830
3745 7192
3746 8318
3746 7137
3746 1200
3748 9062
3752 1005
3752 4619
3754 1060
3755 7112
3757 3872
3758 3800
3762 9530
3763 8507
3765 7570
3768 9494
3771 5824
3774 3516
3774 7238
3777 869
3780 7307
3781 9699
3781 822
3782 519
3782 9411
3782 310
3787 149
3790 7593
3790 1543
3791 2100
3792 697
3795 7309
3796 6781
3798 1763
3799 6141
3801 5045
3801 3758
3802 7792
3804 2856
3808 9626
3809 8160
3812 3901
3812 9113
3815 7246
3815 756
3816 7561
3818 9135
3818 4559
3818 1860
3818 1853
3819 5569
3823 2553
3824 2080
3824 7923
3830 6628
3830 1053
3831 6143
3831 9524
3833 3846
3834 2519
3835 5550
3837 2954
3838 2022
3838 9095
3839 3372
3841 6042
3841 2649
3844 242
3846 6158
3846 8910
3847 8278
3847 3788
3852 5124
3853 2866
3856 295
3858 4759
3858 2214
3859 9736
3860 7727
3862 2294
3862 4469
3864 8133
3865 5099
3869 3919
3869 6761
3869 8332
3872 8475
3874 4169
3874 7148
3875 3689
3876 1495
3878 6412
3882 7937
3884 453
3885 3470
3889 3255
3894 3217
3896 3242
3896 7478
3898 6487
3901 5386
3902 8606
3903 6198
3903 4556
3909 3499
3912 7611
3913 4548
3915 606
3915 6161
3915 3702
3916 3553
3922 6516
3925 9897
3928 4991
3930 8605
3931 1187
3934 4685
3936 6739
3939 4685
3940 8975
3946 1302
3947 5261
3949 7398
3950 8037
3951 6776
3952 1173
3956 2249
3957 9647
3958 2529
3959 2411
3962 5028
3964 6547
3969 4305
3971 7478
3973 6639
3975 8971
3976 1692
3976 1814
3977 4135
3977 9513
3977 2110
3978 7954
3978 5067
3980 6940
3981 8423
3982 9072
3983 6329
3985 7817
3987 3799
3988 1184
3989 4495
3997 3692
3997 5384
3999 3691
4002 7628
4005 1161
4006 7645
4007 4628
4013 8091
4013 9826
4021 6728
4022 5313
4024 8057
4026 1622
4026 745
4027 7851
4029 5251
4030 7
4030 9362
4030 8060
4032 3782
4034 4631
4035 8226
4037 2025
4040 6342
4041 3473
4042 5986
4043 2964
4043 6540
4043 2208
4044 7972
4045 9537
4045 3245
4046 7781
4046 29
4048 7492
4049 7390
4051 3306
4059 6059
4060 9766
4062 7539
4066 3056
4067 9216
4068 1632
4072 7182
4074 4575
4075 5483
4075 8123
4077 3916
4077 1549
4080 7869
4080 3697
4086 6316
4092 772
4092 8150
4094 3073
4094 8004
4094 4097
4095 7831
4106 5974
4108 4561
4111 2735
4116 5441
4116 7258
4117 732
4120 6860
4121 1250
4121 300
4130 2730
4130 650
4131 5274
4136 4162
4137 7885
4137 623
4137 2812
4138 3924
4139 5310
4140 6067
4140 9120
4140 6107
4145 4105
4146 5443
4150 7461
4151 6842
4154 9031
4156 3676
4156 7759
4161 9685
4169 7318
4170 5314
4170 9789
4172 1682
4176 2449
4178 8113
4179 6308
4179 3477
4179 3197
4182 1773
4183 3613
4183 4961
4184 9371
4185 7832
4191 2603
4191 6121
4192 279
4196 3087
4197 4206
4200 5915
4202 4634
4203 8806
4206 1530
4208 8202
4209 5142
4211 5900
4212 2191
4215 2775
4216 9793
4216 8618
4218 3946
4225 8349
4226 3941
4226 4900
4227 7193
4227 8863
4229 426
4231 76
4231 3150
4232 6495
4234 2312
4235 8245
4235 6353
4238 4995
4238 3925
4243 333
4244 9910
4246 7613
4247 3042
4252 6042
4253 151
4254 6223
4260 1315
4260 4544
4264 4952
4266 6196
4267 2733
4268 9049
4272 6810
4276 4536
4276 6415
4282 2533
4286 9284
4287 7242
4287 2944
4288 197
4288 896
4289 1095
4289 1093
4290 768
4292 4069
4292 7654
4297 1593
4300 3130
4301 769
4301 7175
4307 4485
4308 4753
4308 5753
4311 2822
4319 4077
4320 9236
4321 6808
4324 6283
4334 1271
4334 2647
4337 6319
4341 7462
4342 3014
4346 5539
4347 4770
4350 6402
4350 6361
4351 5525
4353 833
4354 6470
4355 1728
4362 253
4365 1031
4368 9318
4373 880
4376 3496
4376 4449
4378 7787
4378 6723
4379 8515
4384 3239
4388 7416
4389 8978
4393 157
4395 7700
4399 6233
4405 2148
4406 7005
4406 3998
4406 9783
4407 1990
4410 9534
4414 8534
4420 39
4422 6811
4424 5538
4424 1911
4431 513
4431 2673
4436 5403
4440 4963
4440 2084
4444 9131
4445 7181
4450 3815
4450 6141
4451 4304
4453 7588
4453 4514
4455 2832
4460 2192
4461 2908
4461 5000
4463 3718
4464 6976
4466 9665
4467 288
4469 8693
4469 2020
4470 2379
4472 7781
4480 2231
4481 3952
4481 9527
4484 7450
4487 2767
4488 6798
4490 3827
4491 1290
4492 3131
4492 7922
4494 7932
4498 6840
4502 2625
4503 9115
4504 314
4504 2709
4510 962
4510 3724
4511 4675
4514 2890
4520 8025
4521 505
4522 1607
4522 9314
4523 1043
4524 8615
4525 75
4530 2962
4532 7077
4534 5990
4537 8535
4537 1969
4537 6845
4539 8493
4541 246
4541 8462
4543 4548
4546 1072
4550 1992
4551 4615
4552 9396
4556 6974
4557 8485
4562 7284
4563 3393
4566 4541
4568 8669
4570 1128
4570 1198
4575 9374
4580 3039
4584 8803
4585 5771
4590 8027
4590 1083
4591 3106
4591 9326
4593 5622
4593 3887
4599 4654
4601 5914
4601 3593
4602 389
4603 4430
4604 9344
4606 2548
4609 4958
4611 2711
4613 7665
4614 9161
4615 8112
4616 2719
4621 3627
4621 1443
4622 8724
4626 2978
4628 5776
4632 8082
4637 5802
4645 4687
4646 7536
4647 606
4649 8788
4651 5747
4653 427
4656 3736
4656 8756
4657 5169
4659 9049
4660 7485
4669 3210
4669 3738
4671 3365
4672 8499
4674 2102
4676 2056
4677 8316
4677 217
4678 989
4678 380
4683 4238
4683 6505
4683 9016
4685 830
4687 2219
4689 7527
4690 6758
4691 6521
4692 4344
4692 5203
4692 8939
4696 8153
4700 9687
4701 5729
4704 5104
4706 2453
4706 1247
4711 895
4714 1468
4714 2054
4715 6353
4717 4196
4718 3883
4718 7786
4719 3383
4721 2727
4722 6619
4723 1857
4724 2701
4728 9575
4730 7331
4730 2772
4732 8882
4733 8251
4738 6074
4738 2897
4741 8139
4748 5080
4750 9832
4751 9345
4753 1927
4756 2906
4761 7986
4762 9271
4764 6775
4767 9121
4767 1394
4768 4104
4768 3953
4769 3123
4772 8712
4774 4842
4777 8110
4782 7447
4788 1825
4788 5537
4789 5145
4791 7134
4796 6015
4799 9163
4799 1048
4800 1596
4802 5578
4803 2201
4807 1235
4807 6761
4811 672
4811 62
4814 7746
4815 6603
4817 1208
4819 7026
4829 695
4829 3366
4835 4317
4837 5180
4838 4156
4841 957
4843 9349
4844 1761
4844 8442
4847 7984
4852 1890
4863 3464
4865 188
4867 5044
4867 5176
4870 4262
4871 785
4872 5700
4872 6400
4876 6508
4876 134
4877 9687
4877 2129
4884 5399
4885 6711
4885 1457
4886 6103
4887 1568
4888 5743
4890 7367
4892 9651
4895 6527
4897 1330
4907 1666
4909 6621
4910 2917
4912 7163
4912 9080
4913 4411
4927 6906
4929 4266
4929 1600
4931 2860
4931 7421
4935 4374
4938 479
4939 4922
4941 470
4941 7367
4942 6352
4943 2553
4943 5112
4945 4962
4947 7556
4952 6698
4958 2521
4959 5884
4965 1230
4968 1777
4971 520
4974 1881
4974 5637
4976 8717
4978 7317
4980 4955
4981 7641
4984 9833
4984 2503
4987 4788
4991 75
4992 9219
4996 9238
4997 3931
5001 9485
5004 3332
5007 403
5009 6571
5010 6116
5010 5460
5012 547
5013 5911
5013 9585
5016 352
5017 3749
5018 8522
5021 8805
5024 8899
5030 2548
5034 9426
5035 3394
5036 438
5037 6602
5037 5543
5039 3320
5041 7571
5042 7248
5046 7419
5046 1832
5049 9936
5051 8996
5053 5497
5053 2424
5055 7475
5055 3716
5058 6619
5058 8155
5065 953
5068 8126
5069 6444
5070 9686
5072 8776
5078 556
5079 6394
5080 6610
5080 8500
5081 5363
5081 3997
5083 9464
5083 5568
5085 7401
5085 3836
5088 7593
5089 2227
5089 1250
5094 9501
5098 4501
5100 7314
5102 1790
5105 6029
5105 1852
5106 6702
5112 7544
5125 5393
5130 1112
5132 8969
5134 7786
5143 1870
5145 5010
5149 94
5150 2767
5150 8454
5154 8180
5157 4856
5159 5240
5160 3638
5162 2765
5163 786
5168 7535
5169 7342
5170 9396
5171 5323
5172 2639
5174 3377
5177 7006
5178 3101
5179 6763
5183 3326
5186 9854
5191 5877
5191 6932
5192 2934
5196 6413
5203 9028
5206 7878
5210 8505
5212 565
5213 5532
5214 7456
5216 3825
5219 4752
5221 329
5223 7394
5225 1587
5225 6123
5228 5159
5228 430
5232 8757
5233 3720
5233 3779
5235 3698
5248 4491
5252 7142
5257 4911
5258 5354
5259 4744
5264 6952
5264 4883
5267 3105
5267 1268
5268 4607
5269 6123
5269 504
5271 3587
5278 3124
5284 6361
5286 8164
5289 3496
5292 8287
5292 6765
5292 1302
5297 5225
5300 9629
5300 1533
5301 3626
5302 571
5303 3534
5310 3459
5310 8264
5312 3739
5319 5673
5322 2057
5323 4016
5324 3591
5331 3785
5338 4935
5338 9951
5339 258
5341 6658
5342 8126
5345 3928
5349 7798
5353 5316
5357 1205
5358 6541
5359 4966
5359 4749
5362 9056
5363 8963
5365 2277
5368 2366
5369 7912
5370 2433
5370 8520
5370 6761
5373 2401
5375 8728
5376 5430
5380 4515
5380 7952
5386 5818
5387 7219
5388 45
5388 1048
5389 8512
5390 3372
5393 58
5397 6386
5400 8958
5410 9423
5412 2396
5414 7984
5414 7759
5415 2183
5416 1156
5416 8046
5417 6014
5417 7759
5419 8141
5421 4482
5425 4527
5425 4958
5425 3069
5428 8604
5429 9623
5430 6141
5430 5303
5431 9257
5433 9261
5434 7742
5434 5797
5436 2948
5437 513
5438 20
5439 4010
5444 7528
5444 6304
5445 3324
5451 4880
5451 2259
5452 9422
5452 4476
5456 3396
5457 4187
5461 3748
5461 2694
5463 6195
5464 3018
5466 8886
5466 2411
5467 8294
5469 811
5470 5665
5472 5883
5472 4196
5472 110
5473 88
5478 7843
5483 9589
5484 1952
5490 7303
5491 8228
5492 3209
5493 7782
5494 6120
5495 1021
5496 879
5496 2306
5498 7296
5499 9991
5504 6383
5504 7374
5511 6830
5513 9281
5515 5014
5516 1953
5521 753
5521 63
5523 4716
5524 8530
5525 5071
5528 8376
5530 5876
5531 2485
5536 9365
5540 1108
5540 9436
5543 5624
5544 6435
5546 1501
5549 1736
5552 465
5554 8525
5555 3152
5557 8250
5560 6151
5561 9982
5566 7351
5571 5247
5577 9479
5580 8863
5584 2549
5584 3723
5586 6250
5586 2958
5592 4947
5595 3929
5598 5413
5598 8505
5603 4784
5605 526
5608 5472
5610 7415
5612 1551
5613 4574
5614 9289
5615 3754
5617 1877
5618 1063
5618 969
5619 145
5621 405
5622 6398
5622 562
5623 5431
5625 4998
5625 7309
5625 6276
5631 2427
5632 7277
5633 2793
5633 6727
5635 842
5638 9997
5638 8556
5638 6621
5647 2133
5648 2951
5648 4570
5650 1509
5651 5569
5652 9512
5652 6843
5655 6879
5656 2397
5656 4299
5659 1604
5661 604
5663 5342
5667 9268
5668 2982
5671 5060
5671 8154
5672 4735
5672 8511
5673 4389
5673 4844
5673 8077
5676 8802
5677 9180
5687 5334
5690 887
5690 594
5694 1459
5694 6030
5695 2877
5698 2788
5699 8716
5700 5633
5701 7754
5701 410
5702 6745
5702 264
5703 552
5704 1692
5704 8302
5707 6903
5707 606
5709 7726
5713 394
5718 1767
5720 8309
5721 8326
5721 8879
5722 8129
5724 9260
5730 8519
5733 6984
5734 856
5734 4046
5739 3157
5741 7228
5743 4532
5743 3167
5745 8915
5750 7222
5751 4238
5753 5271
5755 4944
5756 755
5757 2209
5759 7668
5760 2933
5765 5946
5765 8658
5768 5315
5768 8298
5775 2791
5781 5146
5782 2298
5783 1082
5784 5500
5785 738
5787 8244
5795 7385
5795 9707
5801 9529
5802 288
5803 521
5804 9680
5805 4298
5807 7565
5808 3704
5808 4841
5809 9151
5809 8060
5811 5797
5811 6912
5811 9486
5813 454
5817 9414
5817 4950
5821 7664
5822 968
5823 4991
5828 2592
5828 2629
5831 2362
5833 952
5834 9689
5834 1379
5837 5339
5840 1327
5841 900
5841 7670
5842 4268
5842 6262
5843 9079
5844 5375
5845 1682
5845 1943
5853 2486
5853 97
5857 9828
5857 385
5857 6967
5858 3273
5859 8879
5863 2783
5863 674
5867 9961
5867 3286
5868 7956
5872 993
5879 4499
5880 5935
5889 9134
5891 680
5894 127
5894 940
5897 1715
5897 6133
5897 7948
5900 5353
5903 6015
5907 8604
5908 9976
5910 3674
5910 9617
5912 1918
5912 8556
5915 6479
5917 2818
5920 1955
5920 230
5920 8879
5921 4177
5923 7028
5925 1029
5927 493
5931 3720
5932 5358
5935 8038
5936 973
5936 5311
5938 3085
5938 3608
5941 2916
5941 7563
5942 993
5944 8139
5945 3284
5946 5893
5948 4259
5950 7647
5951 4892
5951 2179
5951 6067
5957 5073
5959 9227
5960 189
5960 8466
5961 1063
5963 1645
5964 6320
5969 8042
5970 9637
5973 9961
5974 9924
5976 135
5979 2259
5981 1618
5982 4592
5985 3083
5987 1015
5991 7569
5992 5843
5994 5375
5996 6368
5997 4886
5998 1764
5999 8015
6002 1337
6002 5269
6003 9393
6004 9531
6004 4296
6008 1412
6009 9167
6013 7311
6015 271
6017 2040
6026 7651
6032 9244
6033 1155
6033 5773
6037 8291
6041 2733
6043 5743
6044 5222
6044 9641
6047 1159
6053 8884
6054 8986
6055 9945
6055 1877
6056 8695
6058 7086
6062 2995
6066 2080
6066 9883
6066 2154
6067 5546
6070 2124
6073 3966
6076 3961
6081 4291
6081 5000
6083 1156
6083 6404
6083 516
6086 1233
6087 7844
6088 3448
6089 9064
6090 7011
6091 7113
6093 9253
6096 1302
6096 9353
6098 8344
6100 110
6103 705
6103 6801
6106 8355
6106 370
6107 4993
6108 7623
6109 1947
6110 3815
6112 9901
6112 3272
6113 2320
6114 3190
6120 905
6121 6816
6121 1969
6123 1298
6124 8698
6126 2505
6127 4924
6128 6364
6128 3145
6129 2072
6131 5486
6132 8743
6139 2920
6140 8227
6141 3521
6144 3062
6145 4933
6145 2497
6148 2477
6149 4976
6152 9389
6153 8056
6155 5165
6157 1029
6160 1196
6165 5320
6165 778
6167 1847
6178 4897
6182 1020
6183 4873
6184 6799
6184 81
6185 9761
6186 422
6187 7999
6188 4392
6189 7195
6189 7014
6190 3758
6191 4061
6191 8371
6191 5712
6192 287
6193 3392
6196 657
6196 5000
6197 612
6199 8193
6202 5649
6202 3420
6203 7589
6203 5047
6205 2525
6205 7994
6206 5161
6207 8014
6209 5159
6211 6176
6212 3893
6212 5509
6212 4176
6212 7284
6214 5228
6216 6705
6216 1589
6217 7807
6218 5174
6220 9886
6222 95
6222 3281
6225 2595
6226 9074
6227 5496
6229 957
6234 749
6235 2462
6239 2163
6243 4809
6244 6725
6245 465
6246 5727
6255 782
6260 9456
6261 9353
6268 2188
6272 9759
6277 3336
6280 344
6284 6347
6284 167
6286 1166
6286 3950
6286 8833
6288 8311
6291 8958
6292 3336
6292 3485
6292 7907
6293 2183
6294 9561
6297 6020
6302 2469
6304 2092
6308 346
6312 3357
6313 7616
6313 7413
6315 1795
6316 3801
6319 8147
6321 5386
6327 6373
6329 322
6330 6814
6332 1986
6332 3343
6335 5682
6335 307
6337 7245
6338 3602
6340 4760
6341 8494
6345 4219
6353 260
6353 5012
6355 8156
6357 295
6358 9239
6359 5474
6363 8012
6364 7878
6364 7384
6365 1840
6369 9440
6370 8418
6372 2580
6374 8798
6375 9469
6378 8455
6381 1858
6384 5700
6384 8702
6386 8531
6389 3263
6389 845
6389 6526
6389 6269
6390 9504
6390 8362
6392 648
6394 5711
6399 6162
6406 4361
6412 5303
6414 2026
6417 1801
6421 3776
6421 5145
6423 7998
6426 9912
6428 6761
6430 5774
6436 9141
6436 2459
6441 1300
6441 9036
6442 7607
6442 2693
6443 363
6444 2150
6444 8591
6450 155
6454 789
6454 4366
6456 9226
6457 3978
6460 9388
6470 8408
6471 3543
6473 284
6475 8164
6475 8823
6477 1010
6480 8459
6481 3934
6483 6243
6486 8962
6489 7909
6491 6655
6491 3756
6492 1605
6495 6697
6503 7152
6508 9070
6513 2297
6516 4286
6518 3184
6518 9603
6518 9295
6519 190
6523 930
6523 3433
6523 5207
6524 7341
6532 2885
6532 4435
6534 7383
6538 3948
6540 8698
6540 2042
6541 6605
6544 3980
6544 7952
6545 6572
6546 5899
6546 3018
6552 941
6553 7113
6555 1216
6556 7144
6556 1542
6557 3750
6559 6984
6559 806
6559 8171
6563 6349
6564 1075
6567 1730
6568 7356
6569 1083
6570 704
6570 3061
6571 3746
6571 9996
6573 5570
6573 1008
6576 6618
6585 3500
6586 3591
6586 2747
6589 7104
6590 8106
6590 8775
6592 8610
6592 3056
6598 5869
6601 7819
6603 3482
6603 5284
6603 4923
6610 2125
6612 400
6614 3084
6616 4982
6621 4389
6627 1955
6629 9360
6631 8555
6636 8551
6642 1215
6650 357
6650 6485
6652 63
6652 1426
6653 8354
6656 9426
6658 3567
6660 2073
6662 9430
6662 5391
6664 7973
6667 2639
6667 1252
6669 3226
6676 3204
6677 9008
6682 2135
6683 7633
6684 8463
6689 2698
6690 1435
6690 56
6692 3997
6696 3449
6696 5252
6698 4850
6701 5777
6703 3758
6703 4376
6709 2957
6718 4588
6718 772
6722 1835
6725 1326
6726 2886
6728 3689
6729 7850
6733 3948
6735 1089
6735 3487
6738 7259
6739 679
6742 7701
6747 509
6748 472
6749 8669
6750 1817
6755 8726
6760 8893
6760 8661
6766 5848
6775 5709
6778 47
6779 2678
6780 2315
6780 998
6783 6085
6784 9636
6785 3130
6785 667
6785 5479
6790 7739
6791 9738
6792 1046
6793 9998
6793 2456
6794 6993
6796 3964
6799 3463
6800 3187
6800 243
6804 9528
6804 1159
6805 4692
6807 4932
6810 6553
6812 8663
6813 4045
6814 3837
6814 7413
6817 7953
6819 1035
6820 5107
6822 7495
6822 8695
6823 1441
6824 3598
6835 9663
6838 8349
6840 4614
6841 8589
6845 1851
6846 9564
6846 3025
6848 6165
6851 9975
6851 8583
6852 3572
6853 7462
6854 2155
6856 347
6857 7143
6858 6662
6858 5352
6858 7213
6859 7104
6859 3680
6862 1880
6865 1130
6870 3305
6870 7422
6872 2847
6875 8720
6877 3693
6877 6701
6881 3075
6883 580
6885 302
6888 8349
6896 3287
6896 3991
6896 6095
6897 7486
6902 148
6908 8345
6908 6319
6909 815
6910 1151
6911 6973
6920 2494
6921 1638
6924 265
6927 9639
6928 6051
6928 1316
6929 5063
6931 5252
6931 6553
6936 1913
6937 4963
6939 4004
6940 348
6942 4048
6943 7665
6944 4755
6945 4302
6951 642
6951 3870
6955 4105
6956 5554
6958 5066
6958 8241
6963 9570
6965 7441
6965 9772
6966 8327
6967 7893
6970 5064
6973 1851
6976 2107
6976 983
6977 6809
6977 4947
6978 7032
6981 5533
6981 9446
6983 8473
6989 4977
6991 1893
6995 16
6998 5054
7003 4505
7004 8656
7005 8987
7005 3146
7007 9556
7008 2452
7010 6738
7011 2701
7013 4998
7014 1557
7015 4959
7018 9310
7019 3662
7019 1156
7020 4601
7022 6109
7023 9431
7025 4235
7025 4255
7025 4713
7026 4718
7029 8337
7032 6087
7033 9327
7033 5128
7034 3012
7037 1854
7037 781
7038 3832
7044 6108
7044 1186
7045 3482
7049 8080
7049 643
7053 5547
7062 9892
7063 8795
7065 2111
7065 9788
7072 5676
7073 8928
7074 350
7075 1580
7076 1935
7077 9189
7079 618
7085 5658
7085 9049
7086 6995
7087 740
7089 2622
7090 8056
7090 9062
7094 8234
7101 3715
7102 4098
7103 8271
7103 8125
7104 2574
7106 1503
7108 4620
7110 8681
7110 2775
7111 9125
7113 1563
7113 5310
7115 2174
7118 8403
7119 2102
7121 8192
7122 9610
7122 6109
7123 8043
7129 1080
7130 5589
7132 7606
7133 3663
7134 9652
7136 5077
7138 4162
7139 9629
7139 4632
7141 799
7142 506
7145 9012
7146 9406
7146 9980
7147 6113
7151 8629
7153 3734
7153 3418
7154 4717
7155 9576
7157 646
7158 3600
7158 2846
7159 7940
7165 2097
7169 812
7170 9359
7172 5421
7172 403
7181 6200
7185 1823
7187 8183
7187 5973
7190 1635
7191 9539
7191 9066
7192 3606
7195 278
7201 4499
7201 1462
7203 4149
7206 5427
7207 8806
7207 6166
7207 5303
7209 7833
7209 1891
7211 9535
7212 6014
7213 2089
7214 4396
7214 3672
7215 9640
7218 4922
7218 8670
7218 9826
7219 3828
7220 356
7220 5770
7221 5829
7224 748
7231 4143
7232 4065
7234 9068
7235 4063
7238 841
7242 5744
7246 346
7246 8998
7248 2280
7251 1703
7251 4352
7251 976
7252 9276
7253 1784
7255 3497
7255 6348
7258 4582
7261 2863
7263 6336
7272 6248
7275 1645
7275 9728
7279 2964
7282 2754
7286 6987
7289 5891
7290 8381
7292 7170
7292 126
7292 8479
7295 7525
7297 1313
7300 5330
7301 341
7301 6956
7304 3179
7306 9968
7312 9671
7316 9213
7323 1182
7331 2734
7332 9144
7333 7505
7333 835
7347 9734
7360 295
7361 9232
7368 1492
7368 9462
7372 9460
7375 5213
7376 6318
7381 6508
7382 6344
7383 3651
7384 5959
7385 3157
7385 6883
7388 2519
7390 5183
7395 9563
7396 2508
7399 9565
7402 5519
7405 1481
7409 4189
7413 9701
7414 705
7415 8373
7416 1949
7418 490
7418 5744
7422 8301
7425 4031
7433 2706
7436 6853
7438 6062
7438 494
7438 6893
7441 7442
7443 294
7449 3671
7449 9640
7450 8003
7451 2559
7459 7496
7462 6312
7462 9964
7466 6539
7467 7847
7468 6992
7473 7132
7473 5268
7477 3980
7482 8372
7482 6745
7491 6774
7491 8716
7492 9221
7493 9896
7494 8354
7495 286
7498 4245
7502 8603
7503 7696
7505 2546
7513 6183
7513 7616
7516 6855
7522 6568
7524 3322
7525 3886
7526 4530
7526 3143
7527 7349
7531 3810
7532 7911
7532 1109
7532 2371
7532 2640
7534 5411
7534 2956
7537 9682
7537 4307
7549 3950
7549 570
7556 3807
7558 5344
7567 5790
7567 6131
7569 6306
7571 6024
7572 7118
7573 8537
7573 1956
7573 3195
7575 7893
7575 3827
7578 5862
7583 2892
7584 254
7585 8341
7586 7628
7589 9447
7589 9938
7591 6676
7593 4302
7594 4500
7594 6603
7595 8344
7597 6029
7598 5912
7607 6840
7609 9996
7609 1641
7613 8392
7614 7450
7617 2754
7622 5544
7625 7839
7625 5979
7626 909
7630 1354
7630 9632
7631 9002
7632 5921
7634 7529
7637 9101
7638 2366
7639 1945
7640 4947
7640 2752
7640 3819
7643 227
7643 1834
7644 8591
7645 1012
7654 934
7656 542
7657 4190
7660 4206
7660 7589
7664 9480
7668 9546
7669 2322
7671 117
7676 5986
7680 3690
7680 1395
7682 8758
7686 6776
7686 1406
7686 7186
7692 6448
7695 1839
7697 5765
7698 6011
7710 5818
7711 352
7713 7937
7715 148
7718 1566
7721 7683
7724 7774
7733 5772
7738 8306
7738 8921
7739 2351
7739 2745
7740 624
7741 9438
7743 52
7743 3902
7743 3886
7745 9442
7748 5703
7748 4372
7751 3602
7751 1410
7751 1457
7752 8179
7752 1372
7753 1584
7760 4082
7761 2779
7761 3841
7763 7388
7763 7610
7765 3221
7767 5214
7767 6720
7769 4025
7774 7133
7777 7358
7783 5919
7783 8580
7784 2172
7788 3594
7791 2275
7792 9763
7793 576
7795 4284
7795 8307
7795 1215
7795 2862
7799 4610
7804 8946
7804 335
7806 6618
7807 4459
7809 7170
7815 6960
7815 451
7816 6150
7817 4694
7822 299
7823 2597
7825 9561
7825 6840
7825 1325
7826 7287
7827 9151
7829 7144
7832 9442
7832 9913
7833 597
7834 2031
7837 4548
7844 8184
7845 3290
7846 8232
7850 4175
7850 2710
7854 5231
7854 277
7855 2159
7857 2848
7858 1279
7859 8585
7866 1607
7867 1889
7868 770
7870 7241
7872 5088
7873 5263
7874 2261
7875 1686
7875 6098
7876 3623
7884 2145
7885 8679
7885 4139
7887 1945
7890 9760
7895 6650
7896 8002
7898 4816
7900 4974
7900 4455
7902 9783
7903 3812
7905 3043
7905 2720
7908 3647
7908 4771
7909 1558
7909 9652
7914 6193
7919 2500
7922 6151
7924 6593
7925 1442
7930 5105
7931 54
7932 1397
7933 5870
7933 6682
7939 3269
7940 4981
7944 6969
7945 8027
7945 5500
7950 3946
7953 9148
7954 1679
7962 7828
7962 4252
7966 5747
7967 2614
7968 965
7974 4086
7975 2209
7976 857
7978 5056
7979 9984
7980 5873
7987 2978
7988 5225
7990 367
7990 1446
7993 2138
7994 2342
7995 2686
7996 1575
7999 8466
8002 286
8008 3623
8014 1267
8016 8509
8017 8168
8019 9130
8020 4061
8021 1718
8024 7013
8024 6396
8030 3750
8033 8259
8034 5336
8035 7570
8035 6155
8036 8306
8037 6422
8042 9072
8047 990
8047 8337
8047 6278
8049 3312
8052 9897
8056 7115
8056 44
8059 5796
8063 9251
8070 4942
8073 7767
8079 3720
8081 3095
8083 3639
8084 3913
8085 8064
8087 7570
8088 2945
8089 9166
8091 583
8091 2803
8092 7077
8095 9836
8097 6590
8102 8990
8102 1761
8103 117
8104 2995
8104 1671
8105 246
8106 9957
8107 846
8109 1386
8109 1878
8110 3221
8113 6332
8118 5251
8120 4540
8120 1991
8121 3236
8122 9002
8125 3639
8125 577
8128 9430
8128 1542
8130 6900
8136 4846
8140 189
8143 7137
8143 5812
8147 8062
8147 2727
8147 7997
8147 6418
8149 9406
8149 7926
8155 1228
8156 1434
8160 6271
8160 2386
8163 3024
8166 1011
8166 7468
8175 3108
8175 8328
8177 3469
8180 2675
8181 9335
8183 9980
8189 3721
8190 7734
8190 2934
8191 1626
8197 8615
8198 3391
8198 7130
8202 4514
8207 103
8209 6715
8209 9626
8211 8729
8211 1422
8211 6391
8211 540
8220 3122
8220 4031
8220 514
8221 4484
8223 2552
8223 8191
8223 309
8228 503
8232 7236
8233 1967
8234 9874
8236 4587
8236 6579
8236 1812
8238 3258
8239 8579
8240 2648
8240 7773
8241 2891
8243 3660
8246 8018
8248 3687
8248 4256
8250 5431
8250 8128
8250 1479
8253 1211
8254 6688
8255 4977
8257 3216
8258 3681
8259 5462
8259 3
8259 9934
8261 4007
8262 501
8265 827
8268 4973
8271 3890
8271 5361
8272 5576
8273 7681
8276 6415
8278 7066
8279 3755
8279 495
8285 8942
8286 4754
8291 638
8294 4693
8295 7379
8296 4419
8297 3192
8298 496
8298 2607
8301 2173
8304 5802
8304 4152
8308 1355
8316 8508
8318 7170
8321 807
8321 7516
8322 8953
8323 3708
8324 1208
8324 2668
8329 4352
8329 734
8330 1165
8331 2847
8333 6001
8333 8377
8333 4368
8334 585
8335 4909
8338 7881
8341 4750
8343 4323
8345 5756
8347 8938
8347 6374
8349 7802
8350 5873
8351 7659
8351 5606
8351 9257
8354 4203
8355 6532
8361 3309
8363 127
8368 9161
8373 4544
8373 8690
8375 8151
8376 6328
8377 76
8379 7242
8385 5446
8386 5216
8387 5836
8388 6292
8391 7597
8391 685
8392 3468
8392 6526
8393 3879
8394 2750
8397 5230
8398 9528
8399 1656
8400 5026
8402 6409
8404 9849
8405 1082
8406 2548
8410 1609
8413 1017
8413 815
8417 6096
8418 9893
8418 3419
8419 7894
8422 9232
8425 4120
8427 595
8429 7160
8429 3265
8430 221
8431 8561
8432 5076
8433 6177
8434 3916
8437 6107
8438 782
8440 5027
8441 9532
8441 3205
8444 2526
8446 7528
8447 9078
8448 3719
8449 9773
8456 4723
8457 3564
8459 8529
8460 1233
8462 1738
8463 2516
8464 4381
8464 1870
8468 658
8469 5130
8470 3074
8474 9899
8478 7480
8478 5071
8479 2229
8482 549
8482 2624
8483 6730
8486 8724
8488 1167
8489 2518
8489 1185
8493 2469
8493 3040
8497 4966
8497 5594
8500 4341
8503 8780
8503 6886
8504 1512
8510 9160
8513 6686
8516 6088
8520 3096
8521 7830
8526 4754
8527 5181
8528 9729
8529 3609
8529 4967
8531 6538
8534 5243
8537 9445
8538 3182
8538 1414
8540 7107
8541 94
8542 6629
8542 2113
8545 2380
8551 2161
8551 703
8552 4102
8556 1842
8556 3589
8559 4232
8562 330
8563 5347
8564 1207
8570 7506
8574 177
8575 133
8576 8037
8583 4422
8584 7987
8585 103
8587 1130
8587 5615
8594 3065
8598 9719
8599 1800
8603 6827
8610 4564
8611 537
8611 3963
8611 834
8614 537
8614 7913
8614 7866
8615 6601
8616 9031
8619 8107
8620 9697
8620 3938
8620 1042
8625 8372
8630 4230
8630 5040
8630 8523
8632 1064
8637 6710
8637 836
8638 9526
8640 8969
8640 668
8641 9331
8643 383
8645 9591
8645 6016
8648 4917
8649 5554
8650 9725
8651 3228
8651 385
8653 6532
8658 3054
8659 4953
8659 4542
8663 594
8663 8651
8664 540
8666 6925
8671 7595
8676 6936
8682 5326
8683 5640
8687 3855
8692 4906
8692 5493
8693 4387
8694 1279
8695 5114
8697 1993
8698 6304
8698 8177
8705 7274
8706 1235
8710 716
8711 7158
8713 8342
8713 7403
8714 1292
8716 8508
8719 7260
8725 3419
8728 7299
8736 2364
8736 4304
8739 9564
8741 6770
8749 6768
8754 3995
8755 4085
8755 3022
8761 3644
8765 9186
8765 2151
8766 9945
8770 8984
8772 6371
8778 6753
8784 9755
8785 3211
8787 5500
8790 8171
8792 6574
8792 8478
8795 1988
8802 814
8803 7629
8803 4032
8805 7828
8806 8980
8813 3601
8818 5622
8820 5218
8823 2397
8827 4640
8828 7292
8831 5851
8837 1060
8837 4461
8840 3024
8840 7601
8842 8644
8844 5099
8845 6215
8846 8440
8850 6369
8855 5026
8862 8187
8862 2522
8862 599
8862 9445
8863 4612
8864 6742
8866 263
8867 9884
8867 201
8869 5037
8870 3117
8871 1385
8872 3524
8873 2368
8874 1976
8882 5970
8885 818
8885 4290
8886 3146
8891 9713
8891 5629
8893 6609
8894 835
8895 8147
8895 1346
8899 7690
8902 223
8904 6234
8907 9314
8907 983
8909 717
8912 1769
8912 410
8912 7540
8913 4663
8913 6482
8918 694
8918 8186
8919 6763
8920 1338
8921 5649
8921 5201
8924 6710
8924 1100
8925 8519
8930 12
8931 1566
8931 3846
8936 7624
8936 7351
8937 5526
8937 1014
8937 9495
8938 7896
8943 4541
8949 4305
8952 9100
8953 4291
8954 183
8956 9050
8957 488
8959 8773
8960 2055
8961 5080
8963 9556
8964 2170
8965 6472
8965 2040
8966 321
8966 889
8969 6956
8972 7774
8972 8485
8973 6170
8973 5453
8974 6104
8975 888
8979 4992
8985 3335
8988 2732
8990 9339
8994 9295
8996 5998
8996 3399
9002 6293
9008 4692
9010 3504
9013 4317
9013 7782
9015 406
9021 6055
9021 7999
9023 7865
9023 1857
9024 3636
9025 4292
9027 721
9028 3310
9028 4717
9030 5943
9033 6804
9033 5365
9037 1535
9040 467
9040 403
9040 8932
9040 4157
9041 2407
9042 3816
9045 5078
9046 1606
9047 5034
9054 3749
9054 9666
9057 239
9061 1757
9061 122
9062 6076
9068 2921
9068 6692
9070 9043
9074 8289
9076 9427
9076 648
9079 1929
9081 4473
9081 9506
9081 55
9084 7179
9085 1489
9086 4634
9088 4893
9090 8949
9091 5018
9091 8043
9092 9960
9093 6364
9096 2539
9098 7678
9098 4256
9101 6124
9101 9683
9102 2041
9102 6612
9104 2470
9107 3044
9107 1862
9108 706
9110 6070
9118 6640
9119 1547
9121 8676
9122 5640
9125 22
9125 3814
9125 1365
9128 1622
9132 4918
9133 9087
9135 3843
9135 1267
9137 4504
9140 4664
9141 8682
9142 3332
9142 2492
9146 4768
9147 9810
9149 898
9149 1576
9151 5013
9154 3982
9154 3991
9155 3243
9156 3160
9156 5569
9159 460
9162 2377
9163 7228
9167 5439
9167 3772
9167 6448
9168 5071
9170 4491
9171 9206
9172 7112
9175 4936
9175 1489
9175 5988
9180 6057
9181 8565
9183 3741
9185 4631
9186 5023
9187 1627
9191 8929
9192 2900
9200 8404
9201 4292
9202 7382
9206 1458
9211 5252
9211 1102
9212 4901
9217 5900
9219 603
9219 170
9226 701
9227 1693
9229 8184
9230 8698
9233 8825
9233 4568
9234 4413
9236 9176
9238 8327
9239 734
9240 2377
9241 66
9247 3682
9254 4276
9256 7868
9258 3635
9260 4733
9261 1737
9265 4440
9266 8686
9267 2178
9269 2036
9269 5715
9269 1333
9271 1681
9271 6938
9273 5293
9279 9262
9280 1706
9283 7977
9287 837
9288 2143
9290 5908
9290 7972
9291 2607
9291 2069
9291 37
9292 9573
9294 1740
9294 1712
9295 8208
9299 9555
9306 914
9308 6647
9311 3020
9312 7375
9312 4360
9315 8122
9318 4889
9319 621
9321 1270
9322 7236
9325 59
9328 463
9331 9674
9332 5824
9338 7111
9339 2762
9343 5600
9343 2295
9344 9313
9345 6039
9346 2416
9349 3185
9350 1004
9350 4249
9352 1922
9356 1705
9356 1317
9357 7979
9360 6790
9366 7211
9368 3878
9369 5400
9374 2422
9379 3813
9380 6127
9381 5219
9384 6122
9384 2301
9387 7478
9389 4835
9390 2591
9390 1678
9392 3449
9393 8871
9394 7182
9394 600
9396 1653
9397 3086
9404 3626
9404 877
9405 1400
9405 4202
9412 2929
9414 5796
9415 3784
9418 4459
9418 2542
9419 1260
9420 7499
9420 245
9423 8425
9428 5898
9430 9594
9430 2373
9431 3592
9431 9379
9437 6851
9438 2088
9441 4830
9441 809
9442 7986
9445 1136
9446 9012
9446 502
9447 705
9447 168
9449 3064
9451 1883
9455 7141
9456 3660
9458 369
9463 7630
9463 4133
9465 6339
9467 1095
9467 6259
9468 6043
9473 1961
9476 6852
9482 7994
9487 9721
9489 9643
9492 8880
9496 6187
9498 2052
9501 766
9501 6176
9504 6012
9504 7858
9507 7031
9509 8013
9511 9274
9512 6143
9514 8490
9514 8779
9525 3621
9528 9393
9529 303
9530 1022
9531 1281
9532 7921
9534 3501
9536 7648
9538 4257
9538 7900
9543 4677
9546 6394
9551 3798
9552 9313
9559 6328
9560 3827
9562 9556
9564 6779
9568 9484
9569 7730
9570 4875
9571 177
9572 5662
9573 4233
9576 9775
9576 398
9578 6666
9579 5453
9585 8677
9586 908
9587 8200
9587 2969
9589 1329
9590 2477
9590 8480
9596 2554
9597 4071
9598 112
9600 8924
9604 6352
9605 452
9607 9292
9610 6776
9610 8033
9612 5136
9613 7065
9613 7166
9614 8197
9615 4166
9619 3009
9621 4425
9622 4338
9622 6158
9625 5580
9625 215
9625 6755
9626 2208
9635 1614
9638 9792
9643 3581
9643 2148
9643 191
9650 5565
9652 4777
9655 9216
9657 4136
9657 3745
9660 8012
9660 3268
9662 3679
9664 9335
9665 5350
9666 52
9669 9094
9670 7954
9672 8413
9673 6391
9675 8737
9676 9823
9681 6404
9681 994
9683 5710
9683 9895
9685 2856
9688 1513
9689 8962
9694 2401
9695 1378
9695 8124
9698 4637
9701 1807
9704 6095
9704 9442
9709 6111
9720 7152
9723 5522
9725 4168
9735 9017
9738 6490
9739 4470
9739 2342
9741 1777
9742 6465
9746 9079
9751 4202
9752 88
9755 1158
9756 4715
9758 421
9763 9607
9764 4184
9764 8479
9764 224
9769 4562
9770 4542
9773 5971
9775 5502
9777 1637
9778 2077
9780 8642
9789 1517
9789 7144
9790 3324
9790 7945
9790 9565
9794 5176
9797 9870
9797 659
9798 1970
9800 7265
9804 2901
9804 8982
9805 1780
9808 5671
9811 561
9812 8886
9813 226
9814 4377
9814 2594
9814 7727
9817 9769
9817 1718
9819 8378
9820 3887
9821 5546
9822 6733
9822 4352
9824 7410
9824 1157
9824 3287
9824 2503
9825 6061
9828 2639
9837 3647
9838 4506
9839 4420
9839 8124
9840 9507
9841 3433
9843 8967
9848 338
9849 8716
9850 4243
9852 8564
9854 8539
9854 2049
9854 8707
9856 6422
9858 6206
9858 3404
9860 9527
9861 4503
9863 6365
9864 1702
9865 2828
9865 5700
9872 2768
9874 355
9874 210
9877 8157
9881 1036
9882 8541
9883 5525
9883 5919
9884 6911
9885 7050
9886 1865
9891 9617
9895 2689
9895 1218
9897 3555
9900 7568
9912 5968
9912 1898
9915 5437
9917 489
9917 2815
9921 8697
9921 3854
9922 3715
9923 7015
9926 6786
9927 8508
9928 8249
9928 5487
9929 1931
9937 5501
9938 6037
9940 6977
9941 6388
9948 1667
9948 9951
9948 8778
9950 5035
9951 5834
9955 6403
9955 6417
9955 147
9961 1567
9963 5228
9969 1244
9970 3661
9970 3113
9972 5007
9973 1605
9978 4047
9979 3845
9981 5358
9982 6863
9983 2270
9983 8471
9983 4083
9984 8098
9984 3992
9985 1427
9986 9103
9989 2098
9992 9933
9995 3822
10000 3427
