2.72766
3.38825
3.39479
2.81921
3.46969
3.47284
3.31547
3.25863
3.38035
3.31547
3.31647
3.17604
3.41906
3.3149
3.21369
3.42721
3.3627
3.26541
3.33473
3.03827
3.35512
3.31174
3.28249
3.50061
3.40784
3.28346
3.43719
3.51637
3.40143
2.76357
3.48685
3.41597
3.40751
3.32567
3.5099
3.34456
3.4633
3.26663
3.34638
3.2058
3.37761
3.37323
3.40217
3.21328
3.36618
3.25007
3.42282
3.24811
3.17828
3.31763
3.38107
3.01237
3.46764
3.39957
3.18562
3.41546
3.35796
3.1167
3.46964
3.36237
3.35948
3.35636
3.52425
3.33647
3.08809
3.37569
3.41984
2.87572
3.13505
2.79284
3.13781
3.39049
3.3237
3.26526
3.27468
3.17561
3.22156
3.29588
3.17522
3.33757
3.24807
2.78118
3.3068
2.72761
2.96635
3.395
3.11273
3.24733
3.44199
3.44534
3.30637
3.38351
3.26639
3.18831
3.32076
3.21895
3.34699
3.53207
3.27013
3.20086
