0.021508
0.0207481
0.0207798
0.020716
0.0206652
0.0207541
0.020679
0.020715
0.0211358
0.021255
0.020905
0.0209239
0.0206959
0.0207298
0.020664
0.020695
0.0207689
0.021066
0.0213089
0.0213299
0.0208969
0.0209458
0.0207169
0.0207479
0.0206361
0.0207779
0.020838
0.0207238
0.0206921
0.0206649
0.020721
0.020853
0.0207469
0.0207398
0.0207341
0.020632
0.020674
0.0208628
0.0212882
0.020786
0.0209119
0.0209451
0.0206771
0.0207989
0.020714
0.0206969
0.0207422
0.0206859
0.020735
0.020813
0.0208161
0.0209899
0.0207682
0.0207062
0.020735
0.020906
0.0206201
0.0206971
0.020751
0.0207779
0.0208242
0.0212119
0.0206981
0.020751
0.0206521
0.020695
0.020659
0.0207069
0.0206561
0.0207579
0.020803
0.0213521
0.020716
0.0207551
0.0207069
0.0206921
0.0207231
0.0209579
0.020858
0.020678
0.0207229
0.0209281
0.020757
0.020756
0.0206761
0.0207479
0.02106
0.020762
0.020685
0.0206659
0.020807
0.0214119
0.0207341
0.0207109
0.0207241
0.0206652
0.0207281
0.020664
0.0207238
0.0206749
