7.81978
7.48929
6.73515
7.68455
7.83943
7.91397
7.58015
7.68738
7.68069
6.65144
7.88895
7.76374
7.52464
7.61685
7.67246
7.84126
7.71568
7.80726
7.57914
7.06202
7.54942
7.91506
7.89721
7.78243
7.97863
7.90161
7.57501
6.40724
6.58042
7.96136
7.72441
7.79705
7.84695
7.76331
7.76522
7.85675
7.88197
7.77168
8.04946
7.03278
7.79743
7.57191
7.77217
7.72146
6.94407
7.75012
7.61859
6.45016
7.59954
7.72604
8.0156
7.77124
7.61998
7.77026
7.23109
7.01218
6.51279
7.62093
7.84772
7.62653
7.7059
7.90587
7.87663
7.86264
7.88958
7.94488
6.81932
7.53884
7.18441
7.34832
7.74684
7.36828
7.85747
7.78242
7.68222
7.8806
7.57535
7.58739
7.76695
7.79941
6.97702
6.74364
7.72839
8.01601
6.68327
7.52674
7.86534
7.44798
6.5364
7.83484
7.57709
7.6061
6.38393
7.75884
7.2424
7.76835
7.56218
7.70598
7.87167
7.55905
