0.689311
0.86285
0.870199
0.699889
0.911496
0.839418
0.856336
0.804905
0.862757
0.90397
0.88774
0.865392
0.857137
0.879372
0.808279
0.831689
0.772084
0.794049
0.816804
0.770659
0.822687
0.83128
0.808552
0.882396
0.864343
0.896347
0.851967
0.842904
0.866754
0.692717
0.849107
0.799664
0.888253
0.816846
0.841217
0.859973
0.851066
0.863559
0.795408
0.897237
0.814834
0.863587
0.75925
0.836997
0.892837
0.803421
0.779446
0.812883
0.845152
0.798172
0.820209
0.753516
0.873916
0.827147
0.858415
0.899073
0.855522
0.887301
0.834894
0.909485
0.863334
0.828466
0.909401
0.871271
0.846087
0.850514
0.836473
0.855369
0.855188
0.719487
0.723443
0.781972
0.89124
0.764623
0.790467
0.897518
0.839783
0.860572
0.853772
0.883382
0.700328
0.722474
0.747566
0.803534
0.788783
0.781565
0.68675
0.806372
0.804761
0.899943
0.820769
0.815174
0.860731
0.826845
0.816714
0.864395
0.781552
0.785302
0.781852
0.828819
