0.017607
0.0135078
0.014322
0.0141771
0.0134668
0.0142109
0.0134931
0.01366
0.0135369
0.0135238
0.0137501
0.0135279
0.01425
0.014776
0.013536
0.0135169
0.0142138
0.0142241
0.014195
0.0135331
0.0144751
0.0160141
0.0135629
0.013598
0.0135231
0.013567
0.0142601
0.014307
0.0134909
0.0135469
0.0136809
0.0141559
0.01442
0.0142379
0.0136259
0.013535
0.01373
0.0134981
0.013499
0.0135179
0.0135798
0.0135651
0.0135419
0.0141671
0.01349
0.0134768
0.0142162
0.013567
0.0136809
0.0137939
0.0138009
0.013906
0.0142581
0.0138049
0.0135171
0.013633
0.013521
0.0135791
0.014245
0.013829
0.0144958
0.0136991
0.013561
0.0136549
0.013664
0.0138149
0.0143452
0.0150011
0.0142851
0.0142691
0.0137498
0.013732
0.016633
0.0167091
0.0157719
0.0139959
0.0141408
0.013478
0.014837
0.0151842
0.0154819
0.014538
0.014101
0.0137589
0.0141711
0.0137429
0.0138059
0.0135419
0.013577
0.0139
0.013941
0.015918
0.0182369
0.0209351
0.016186
0.0143399
0.0148811
0.0135219
0.0152578
0.013613
