0.054985
0.055089
0.0562098
0.055012
0.0546792
0.055048
0.0558071
0.0538681
0.0540938
0.053205
0.0549719
0.0538509
0.054445
0.053117
0.0539839
0.053211
0.0526061
0.0547831
0.0542719
0.0535948
0.052851
0.0526152
0.0524321
0.0551071
0.0528331
0.05617
0.0529468
0.052999
0.05408
0.0544891
0.0553141
0.0561049
0.0540869
0.055408
0.0571642
0.052907
0.0537581
0.0539141
0.0523801
0.0564699
0.0542152
0.052659
0.055443
0.0539072
0.054574
0.0527749
0.0542798
0.0530851
0.0539608
0.0548601
0.0550029
0.0537319
0.053236
0.0533819
0.058465
0.0553751
0.0536849
0.053086
0.0521748
0.055351
0.054209
0.0533168
0.0552769
0.0543182
0.0524149
0.052458
0.0538499
0.0527198
0.053535
0.0534928
0.0548141
0.0559351
0.0631239
0.0613019
0.0585501
0.0539451
0.0530851
0.053905
0.055577
0.055757
0.0575721
0.0544331
0.0542421
0.0559659
0.0533478
0.0537059
0.0548921
0.0534689
0.0526359
0.053755
0.0550399
0.061404
0.068104
0.061188
0.059391
0.056262
0.056217
0.053812
0.0530751
0.0534229
