0.000160933
0.000164032
0.000259161
0.000162125
0.000169039
0.000163078
0.000161171
0.000194073
0.000208855
0.000160933
0.000211
0.000144958
0.000161886
0.000161886
0.000160933
0.000160933
0.000161171
0.000160933
0.000161886
0.000160933
0.000163078
0.000210047
0.000145912
0.000163078
0.000161886
0.000160933
0.000287056
0.000161886
0.000145912
0.000161886
0.000162125
0.000161171
0.000164032
0.000235796
0.000225067
0.000221014
0.000167131
0.000161886
0.000161886
0.000258923
0.000161886
0.000160933
0.000161171
0.000162125
0.000160933
0.000160933
0.000247955
0.000231028
0.000160933
0.000307083
0.000160933
0.000162125
0.000153065
0.000160933
0.000160933
0.000164986
0.000188112
0.000162125
0.000162125
0.000236988
0.000253201
0.000161171
0.000164986
0.000160933
0.000153065
0.000165939
0.000160933
0.000161171
0.000161886
0.000160933
0.000160933
0.000160933
0.000231028
0.00023222
0.000161171
0.000161171
0.000251055
0.000162125
0.000161886
0.000160933
0.000161171
0.000160933
0.000161171
0.000161171
0.000166178
0.000221014
0.000144958
0.000205994
0.000244856
0.000162125
0.000162125
0.000160933
0.000161171
0.000160933
0.000160933
0.000160933
0.000162125
0.000160933
0.000210047
0.000145912
