0.00160122
0.00156903
0.00158811
0.00157785
0.00160003
0.00159097
0.00158501
0.00156903
0.00159693
0.00158381
0.00159192
0.00159693
0.00159192
0.00159311
0.00159812
0.00158501
0.00159502
0.00158
0.00158596
0.00158215
0.00157404
0.00158906
0.00159693
0.00158691
0.00159788
0.00159192
0.00158215
0.00159001
0.00158787
0.00159311
0.00160503
0.00157905
0.00157189
0.00158906
0.00158501
0.00160098
0.00159788
0.00158691
0.00158
0.00158691
0.00158095
0.00157809
0.00159907
0.00158787
0.00159812
0.00159287
0.00157809
0.00160503
0.00157714
0.00159812
0.00157595
0.00158787
0.00157809
0.00158405
0.00160289
0.00158596
0.00158811
0.00159192
0.00160909
0.00158381
0.00160313
0.00159001
0.00157905
0.00157118
0.00160289
0.00159097
0.00158501
0.00159192
0.00160098
0.00157905
0.00158215
0.00160384
0.00159621
0.00159597
0.00158286
0.00158811
0.00157905
0.00158191
0.00157809
0.00161505
0.00157714
0.00160098
0.00157881
0.00159693
0.00158501
0.00159216
0.00160789
0.00158596
0.00157499
0.00158811
0.00158906
0.00158811
0.00158596
0.00159097
0.00159597
0.00157404
0.00160289
0.00158
0.00158501
0.00160003
