0.870724
0.872363
0.871397
0.871958
0.872802
0.871907
0.872772
0.87182
0.872346
0.871921
0.873136
0.872162
0.872142
0.871963
0.873199
0.872156
0.872925
0.871071
0.872251
0.872213
0.871602
0.872671
0.873296
0.872459
0.872472
0.871547
0.87182
0.872092
0.872399
0.872448
0.871735
0.872193
0.872526
0.871696
0.871295
0.871778
0.872051
0.872147
0.872354
0.872503
0.872424
0.873234
0.872552
0.872104
0.871718
0.872484
0.871936
0.871808
0.873
0.872691
0.871893
0.871077
0.872472
0.871573
0.872879
0.871754
0.872398
0.872929
0.872441
0.872133
0.872393
0.872911
0.872321
0.872149
0.871814
0.872671
0.871603
0.873029
0.871551
0.872543
0.871769
0.871255
0.87239
0.871626
0.873363
0.871747
0.872346
0.871979
0.872449
0.872254
0.871672
0.872626
0.872146
0.872463
0.871648
0.872224
0.871486
0.871879
0.871947
0.871918
0.873006
0.872243
0.872636
0.872212
0.871481
0.872295
0.872214
0.87231
0.872267
0.872076
