6.39206
6.40035
6.39342
6.39683
6.39112
6.3966
6.39632
6.39637
6.39328
6.3919
6.39578
6.39346
6.39495
6.39897
6.39818
6.39564
6.39182
6.3945
6.39505
6.40164
6.39494
6.40406
6.39096
6.39363
6.39252
6.39167
6.39828
6.39336
6.38968
6.39369
6.39179
6.39573
6.39087
6.39655
6.39262
6.39145
6.39193
6.3963
6.39679
6.39675
6.40088
6.39707
6.39882
6.39482
6.38881
6.3914
6.39059
6.3913
6.39171
6.3942
6.40013
6.3912
6.39039
6.4051
6.39263
6.39238
6.39328
6.39942
6.39063
6.39962
6.39014
6.39368
6.39385
6.39017
6.39482
6.39174
6.39474
6.39208
6.4058
6.39518
6.39838
6.3913
6.38889
6.3938
6.39283
6.3921
6.39269
6.39004
6.39357
6.38937
6.39496
6.39232
6.39621
6.40308
6.39714
6.39364
6.40445
6.39199
6.38996
6.39206
6.39566
6.38964
6.39153
6.39042
6.39442
6.3973
6.38978
6.38889
6.40384
6.3888
