0.886276
0.886823
0.886023
0.88612
0.885951
0.88651
0.88757
0.886323
0.886868
0.885476
0.886492
0.887311
0.885519
0.88709
0.886448
0.885974
0.886043
0.886115
0.886516
0.885421
0.885927
0.886228
0.885913
0.885819
0.886059
0.886088
0.885566
0.886654
0.885453
0.885867
0.886148
0.886072
0.885281
0.886229
0.886038
0.885829
0.885852
0.885615
0.886909
0.885198
0.885548
0.885083
0.885764
0.885452
0.886181
0.887555
0.886255
0.885745
0.886028
0.886255
0.886243
0.886018
0.885936
0.88611
0.886089
0.886739
0.886594
0.886185
0.886824
0.886588
0.886346
0.8855
0.886184
0.885512
0.88648
0.885846
0.886098
0.885777
0.887183
0.886726
0.886436
0.885561
0.886822
0.885652
0.885494
0.885582
0.886162
0.886552
0.885583
0.886453
0.886031
0.88593
0.88647
0.885496
0.88571
0.886451
0.886176
0.886669
0.885835
0.885635
0.885857
0.885492
0.88621
0.886676
0.885943
0.886097
0.886211
0.88632
0.886635
0.886048
