2.56498
2.57189
2.82971
2.53739
2.55325
2.63959
2.72522
2.52943
2.52921
2.52292
2.56655
2.5544
2.538
2.53842
2.54651
2.86973
2.52896
2.54938
2.76976
2.55748
2.56029
2.58092
2.54651
2.54327
2.52716
2.53302
2.5827
2.52682
2.59675
2.5867
2.53092
2.53735
2.57413
2.5439
2.58081
2.53191
2.52739
2.53165
2.56294
2.5381
2.59732
2.8037
2.55434
2.54105
2.53267
2.53116
2.54954
2.56206
2.5232
2.54139
2.63227
2.55746
2.52396
2.52728
2.55372
2.54079
2.53663
2.55099
2.54737
2.54096
2.54199
2.53155
2.53184
2.57598
2.52489
2.54704
2.54248
2.52538
2.56295
2.53562
2.52591
2.60049
2.52496
2.52591
2.62703
2.52523
2.57431
2.57285
2.52518
2.56611
2.53279
2.52513
2.52278
2.54329
2.54688
2.53293
2.53484
2.52848
2.54676
2.54036
2.52347
2.5264
2.52767
2.57343
2.52489
2.57976
2.52668
2.57556
2.52601
2.52291
