0.56638
0.568518
0.575795
0.574005
0.571302
0.567886
0.577628
0.567875
0.571035
0.571145
0.581265
0.595676
0.573016
0.568743
0.56378
0.564026
0.573402
0.570212
0.61455
0.615382
0.57362
0.573894
0.572637
0.56951
0.572454
0.569728
0.575245
0.577443
0.566134
0.569039
0.577177
0.578122
0.604167
0.568226
0.569106
0.563655
0.567313
0.569615
0.571042
0.696859
0.586318
0.566682
0.564969
0.573897
0.569575
0.578888
0.573507
0.568178
0.571996
0.569134
0.608909
0.566367
0.579909
0.571023
0.576671
0.578459
0.576939
0.563743
0.57543
0.57024
0.569481
0.577394
0.695412
0.567916
0.574248
0.571972
0.570612
0.639821
0.567034
0.57646
0.568596
0.568302
0.569775
0.569481
0.570705
0.600292
0.567924
0.574675
0.570448
0.572937
0.571036
0.569013
0.571478
0.567108
0.57079
0.569633
0.565497
0.694462
0.581869
0.572415
0.568474
0.569229
0.575694
0.570118
0.568112
0.571068
0.571411
0.564076
0.563743
0.572388
