0.000586033
0.000487089
0.00063014
0.000391006
0.00741601
0.000254154
0.000254869
0.000257969
0.00221395
0.000236988
0.000272989
0.000240803
0.00558901
0.000237942
0.000207901
0.000216007
0.000231028
0.000216007
0.000205994
0.000264883
0.000198126
0.000195026
0.00479794
0.000180006
0.00362396
0.000121117
0.000118017
0.000115156
0.000134945
0.00012207
0.000113964
0.000123024
0.000117064
0.00285292
0.000123978
0.00149679
0.00011611
0.000119209
0.000113964
0.000125885
0.000124931
0.00011301
0.000112772
0.000113964
0.00011301
0.00292206
0.000120878
0.00011301
0.000114202
0.000114918
0.000113964
0.000117779
0.00011301
0.000161886
0.000119925
0.000113964
0.000113964
0.00011611
0.00281906
0.00259304
0.000115871
0.00011611
0.00011301
0.000118017
0.000313044
0.000113964
0.000118017
0.000113964
0.00011301
0.000113964
0.00271201
0.000115156
0.000116825
0.000146866
0.000123978
0.00317597
0.000119925
0.000115156
0.000116825
0.000118017
0.000113964
0.00279808
0.000114918
0.000115871
0.000128984
0.000118017
0.000488043
0.000123024
0.000114918
0.000120878
0.000118971
0.000114918
0.000114918
0.000118017
0.00276423
0.00012207
0.000115871
0.00228381
0.000114918
0.000119925
