0.000738859
0.000319958
0.00032115
0.00030899
0.000319004
0.000314951
0.000320911
0.000322104
0.000316143
0.000293016
0.00031805
0.000320196
0.000322104
0.000321865
0.000323057
0.000323772
0.000317812
0.000321865
0.000319004
0.00032115
0.000314951
0.000319958
0.000310898
0.000312805
0.000321865
0.000319004
0.000320911
0.000324965
0.000315905
0.000322104
0.000317097
0.000308037
0.000319958
0.000306845
0.00030899
0.00031209
0.000310183
0.000320196
0.000320196
0.000322104
0.000309944
0.000317097
0.00030899
0.000319958
0.00031805
0.000313997
0.00032115
0.000310898
0.000321865
0.000324965
0.000323057
0.000313997
0.000314951
0.000324965
0.000313997
0.000326157
0.000300884
0.00029397
0.000317812
0.000329018
0.00031805
0.000324011
0.000320911
0.000303984
0.00032115
0.00030899
0.000323057
0.000317097
0.000316858
0.000306129
0.000317812
0.000328064
0.000323057
0.000321865
0.000335932
0.00031805
0.000315905
0.000315905
0.000317097
0.000308037
0.000317097
0.000322104
0.00030899
0.000307083
0.000316858
0.00030303
0.000308037
0.000309944
0.000320911
0.000315905
0.000319004
0.000307083
0.000319958
0.000323057
0.000317812
0.00030899
0.00032115
0.00030899
0.000320911
0.00031805
