0.0147481
0.0157981
0.0143821
0.0143652
0.0143461
0.0143261
0.0145252
0.0146451
0.0146501
0.014704
0.014617
0.0143838
0.0144429
0.0147069
0.0172038
0.0143652
0.0143981
0.0143888
0.0143609
0.0143411
0.014369
0.014957
0.0143371
0.014668
0.014586
0.0143609
0.014364
0.0146561
0.014719
0.014684
0.014698
0.0146852
0.0149548
0.0149779
0.0150089
0.0143831
0.0144181
0.014689
0.014606
0.014415
0.0150061
0.0149651
0.0149529
0.014961
0.0149879
0.014693
0.0146711
0.0146351
0.014648
0.0149641
0.0144799
0.014405
0.014421
0.014395
0.01437
0.0144598
0.014349
0.0146151
0.014488
0.0143969
0.0150199
0.014473
0.0144019
0.0144751
0.0143991
0.0153279
0.0158281
0.0144939
0.0143731
0.0146699
0.0146439
0.0146651
0.0149739
0.0150089
0.0149841
0.0150239
0.014653
0.0147281
0.0147679
0.014672
0.0144961
0.014411
0.0144279
0.014642
0.014544
0.0147262
0.014673
0.0146692
0.0146599
0.0146661
0.0147429
0.0143931
0.0145161
0.0147419
0.014688
0.014735
0.014992
0.0149949
0.014957
0.0143301
