2.25991
2.42308
2.92567
2.26335
2.49317
2.41652
2.41167
2.80622
2.71597
2.68175
2.56947
2.57836
2.82756
2.42054
2.41064
2.81428
2.72453
2.57308
2.81477
2.27399
2.26326
2.25349
2.64769
2.26225
2.87485
2.72222
2.4684
2.4014
2.72057
2.84841
2.62328
2.73908
2.79251
2.26006
2.46297
2.28706
2.75829
2.80159
2.85905
2.88138
2.89073
2.76808
2.82465
2.89216
2.82128
2.25174
2.81132
2.79364
2.80246
2.86905
2.77539
2.78773
2.86887
2.81332
2.82943
2.87684
2.70163
2.8167
2.84196
2.77641
2.56342
2.81606
2.84685
2.68554
2.73147
2.776
2.73169
2.84734
2.70979
2.69036
2.65675
2.84342
2.73262
2.78331
2.74997
2.86398
2.82986
2.76958
2.76006
2.64752
2.24961
2.68679
2.66764
2.75209
2.80703
2.42001
2.39166
2.38587
2.43717
2.4378
2.75183
2.73774
2.60602
2.62031
2.77717
2.78751
2.62271
2.80677
2.41753
2.44647
