4.32325
4.31667
4.31232
4.31399
4.32804
4.31884
4.31469
4.31651
4.3108
4.32234
4.63762
4.33596
4.36955
4.33214
4.31734
4.32402
4.32003
4.31676
4.31719
4.3262
4.31628
4.3214
4.31236
4.32805
4.34049
4.31747
4.31459
4.32046
4.31464
4.32244
4.32387
4.32346
4.31949
4.31523
4.31584
4.31943
4.31511
4.31681
4.34986
4.31856
4.32414
4.32055
4.31793
4.31933
4.31718
4.3176
4.31571
4.32524
4.32289
4.32451
4.3057
4.32068
4.31652
4.55034
4.34289
4.47986
4.46036
4.37979
4.42287
4.44392
4.48602
4.36559
4.45073
4.50742
4.41667
4.49094
4.53538
4.48198
4.33189
4.43902
4.36297
4.37218
4.34226
4.35442
4.44054
4.39965
4.48248
4.43068
4.47113
4.68418
4.59355
4.43133
4.44268
4.37976
4.45005
4.66528
4.49389
4.47015
4.31203
4.31538
4.56216
4.52529
4.47367
6.2406
6.13687
5.90589
5.47945
5.87334
5.7644
5.4363
