0.579647
0.695575
0.64858
0.563094
0.567348
0.623735
0.619187
0.566149
0.576004
0.694391
0.63039
0.709621
0.687025
0.672029
0.609188
0.567586
0.692592
0.572653
0.702351
0.651097
0.574046
0.574795
0.568994
0.574627
0.715205
0.729426
0.695532
0.651781
0.589202
0.683727
0.695073
0.624252
0.669375
0.568634
0.576756
0.642347
0.608907
0.665013
0.696326
0.662778
0.703002
0.677885
0.642381
0.75551
0.706722
0.705238
0.74185
0.748341
0.717994
0.722753
0.695178
0.669042
0.721716
0.745473
0.739119
0.674058
0.674702
0.694945
0.717365
0.670209
0.674461
0.586886
0.69843
0.610335
0.566124
0.656406
0.572436
0.571307
0.676541
0.734646
0.688058
0.72473
0.721902
0.72454
0.705835
0.731092
0.682929
0.682267
0.626391
0.719119
0.567127
0.638907
0.740552
0.734927
0.723039
0.588601
0.624101
0.60824
0.613594
0.575691
0.662399
0.635789
0.732085
0.71434
0.598896
0.692559
0.65495
0.688998
0.595147
0.694982
