0.465669
0.465433
0.466465
0.466364
0.466705
0.467189
0.466237
0.468485
0.468333
0.467297
0.505522
0.545261
0.471043
0.468256
0.466046
0.463506
0.466813
0.46678
0.466285
0.464756
0.469436
0.465029
0.466873
0.466572
0.468134
0.465613
0.465305
0.466265
0.466872
0.46627
0.467303
0.466187
0.470049
0.467039
0.469585
0.467269
0.466218
0.466466
0.468196
0.468127
0.467605
0.467623
0.466722
0.468273
0.471206
0.466716
0.467275
0.467829
0.467276
0.46602
0.470447
0.466394
0.466416
0.469289
0.476433
0.479197
0.469519
0.471834
0.472196
0.471397
0.491561
0.477845
0.480169
0.472487
0.487492
0.470398
0.468278
0.472436
0.475881
0.464819
0.468295
0.472934
0.472123
0.480177
0.485856
0.55825
0.475767
0.474373
0.550158
0.483528
0.482426
0.487807
0.471768
0.467041
0.465708
0.476209
0.469077
0.473699
0.467689
0.46752
0.497217
0.489125
0.470011
0.698775
0.677865
0.634633
0.65855
0.69835
0.595022
0.544098
