0.000844002
0.000211
0.000203848
0.000189066
0.000205994
0.000189066
0.000188112
0.000202179
0.000190973
0.000185013
0.000184059
0.000187874
0.000200033
0.000184059
0.000188112
0.000185013
0.000185966
0.000186205
0.00019002
0.000184774
0.000200987
0.000197887
0.000204086
0.00020504
0.000219107
0.00018692
0.000184059
0.000183105
0.000185013
0.000184059
0.000226974
0.000205994
0.000197887
0.000185966
0.000197887
0.000200033
0.000216007
0.000185966
0.000185013
0.000185966
0.000203848
0.000184059
0.000185013
0.00018692
0.000185966
0.000203133
0.00022912
0.000183105
0.00020504
0.00019908
0.000183821
0.000204086
0.000184059
0.000185013
0.000185013
0.000185013
0.000185013
0.000184059
0.000187159
0.000185966
0.000184059
0.000185966
0.000184059
0.00018692
0.000187874
0.000197887
0.000185013
0.000204086
0.000202894
0.000185966
0.00019908
0.000185013
0.000203848
0.000185013
0.000185013
0.000185966
0.000186205
0.000185966
0.00019002
0.000185966
0.000187874
0.000182867
0.000185013
0.00019002
0.00018692
0.000186205
0.000184774
0.000185966
0.00018096
0.000182867
0.000185966
0.000184059
0.000201941
0.000188112
0.000236034
0.000207901
0.000203848
0.000201941
0.000184059
0.000185013
