5.32519
5.4348
5.2968
5.19777
5.67393
5.22633
5.19995
6.48488
5.22381
6.80818
5.72664
5.2213
6.49957
6.59565
6.46887
5.20482
6.78017
5.2276
5.39012
5.23392
5.25431
6.70607
5.23246
5.23507
5.21373
5.23194
5.20876
5.20864
5.34055
5.22982
5.25536
6.61556
5.21559
5.22337
5.22934
5.23418
5.2157
6.84447
5.24461
5.24541
5.29516
6.53343
5.23296
5.21162
6.37374
5.21671
5.22271
5.22706
6.68275
6.63045
5.23249
6.35716
5.24141
5.2166
5.23391
5.21968
5.34591
5.22891
5.22396
5.22635
6.82343
6.59288
5.25238
5.2244
6.23289
5.21917
6.55885
5.28706
6.64596
5.22447
5.229
5.21946
5.2158
5.22138
5.20573
5.20316
5.20974
5.22133
5.21584
5.227
5.22111
5.47142
5.20788
5.23005
5.19721
6.43724
5.21972
5.23973
5.25468
5.24549
5.21271
5.20336
5.20696
5.20041
6.53666
6.73125
6.68775
6.51576
5.22815
5.20802
