0.813438
0.905571
0.837159
0.834048
0.82888
0.836237
0.828123
0.826505
0.835115
0.995807
0.75875
0.832313
0.832851
0.832272
0.827201
0.833433
0.831003
0.831878
0.831122
0.829456
0.831119
0.834693
0.832963
0.714686
0.830189
0.832618
0.86274
0.833927
0.833425
0.832408
0.76713
0.830197
0.828019
0.834684
0.830315
0.835103
0.835551
0.82848
0.83979
0.833632
0.833738
0.797497
1.00166
0.862318
0.830237
0.83116
0.832814
0.833502
0.833583
0.841149
1.0231
0.837476
0.884245
0.846029
1.0472
0.881299
0.750838
0.840513
0.830269
0.809364
0.831888
0.833599
0.834697
0.82962
0.834688
0.836386
0.83321
0.830891
0.834488
0.875444
0.828508
0.834938
0.83057
0.832259
0.831598
0.836421
0.834216
0.839208
0.83238
0.836543
0.830635
0.829183
0.83612
0.830367
0.827489
0.829893
0.829697
0.83189
0.832047
0.836034
0.834566
0.829019
0.828091
0.834384
0.832858
0.833998
0.834807
0.834846
0.827099
0.829859
