6.39999
5.59036
6.4659
5.23544
5.2045
5.44765
5.22569
6.29037
6.39573
6.37715
6.1516
6.34423
6.42119
5.60329
5.65191
6.47711
6.70287
6.45529
6.55445
5.20686
5.21457
5.42554
6.56047
6.61774
6.71311
6.63433
5.5678
5.66716
6.59633
5.20661
5.20536
6.48934
5.36352
5.54904
5.81961
6.04078
6.31053
6.56356
6.61945
5.47676
6.54911
6.52589
6.35888
6.4386
5.21679
6.43166
6.57368
6.0628
6.48312
6.56227
6.29589
6.36812
6.50626
6.49234
6.45951
6.44092
6.36809
6.45311
6.46705
6.6062
6.49714
6.54693
6.50612
6.49271
6.30818
6.65152
5.84049
6.74348
6.54427
6.411
6.35757
6.27837
6.47579
6.4601
6.66218
6.36219
6.52755
6.36823
6.4727
6.34591
5.34536
6.13646
6.55752
6.31766
6.55934
5.64487
5.61399
5.58379
5.62838
5.91477
6.52261
5.66212
6.42821
6.60482
5.45092
6.5149
6.2263
5.62482
5.84505
6.47576
