2.49431
2.2955
2.4461
2.23388
2.31897
2.25585
2.64486
2.27429
2.72807
2.79101
2.25901
2.93472
2.2596
2.79457
2.85404
2.73743
2.2659
2.79678
2.24858
2.25706
2.94889
2.24761
2.26216
2.24982
2.25945
2.25322
2.26424
2.25251
2.75998
2.35052
2.94105
2.25419
2.28621
2.85884
2.89818
2.84549
2.27446
2.89965
2.25375
2.69159
2.25082
2.27029
2.25296
2.25194
2.25492
2.255
2.80121
2.82658
2.25402
2.97921
2.26851
2.2753
2.81706
2.26103
2.37008
2.70033
2.93858
2.26425
2.95578
2.25822
2.25327
2.78277
2.87179
2.24764
2.32015
2.25067
2.26315
2.26983
2.26351
2.87648
2.67501
2.25857
2.2532
2.26585
2.7794
2.2586
2.48775
2.26004
2.25027
2.836
2.2494
2.94848
2.25629
2.2534
2.6114
2.25204
2.85714
2.26178
2.23477
2.30727
2.92981
2.83459
2.26643
2.82935
2.76091
2.8763
2.80187
2.24996
2.77771
2.2579
