0.206615
0.211996
0.208346
0.207697
0.206351
0.207545
0.20788
0.207755
0.208797
0.20847
0.207559
0.208612
0.206257
0.20796
0.206106
0.206982
0.206729
0.208239
0.208016
0.206192
0.20874
0.20724
0.207903
0.2085
0.209354
0.207149
0.206853
0.208698
0.207518
0.207823
0.209458
0.207532
0.207393
0.210278
0.206992
0.20754
0.206877
0.207768
0.207646
0.207981
0.20844
0.207431
0.207745
0.207857
0.207712
0.207912
0.20901
0.208313
0.207402
0.207725
0.211917
0.226914
0.214149
0.20836
0.209756
0.243412
0.194014
0.209922
0.208679
0.207044
0.208776
0.207291
0.207545
0.209604
0.209174
0.207878
0.207619
0.208036
0.20846
0.208916
0.208323
0.207417
0.207624
0.20777
0.208134
0.207096
0.207907
0.207262
0.207511
0.206773
0.207801
0.208234
0.206987
0.208156
0.206287
0.207326
0.208962
0.20832
0.207022
0.2081
0.208261
0.207292
0.207632
0.208333
0.208326
0.208309
0.206835
0.207416
0.207078
0.207726
