2.24533
2.25288
2.28894
2.25649
2.26337
2.25427
2.26893
2.24502
2.25358
2.27787
2.26626
2.27146
2.25461
2.2682
2.35183
2.39787
2.3625
2.25184
2.26556
2.49625
2.25124
2.27211
2.26382
2.25075
2.25979
2.27362
2.25545
2.2665
2.26001
2.25887
2.26183
2.2603
2.2603
2.26164
2.33951
2.35156
2.26581
2.8401
2.25905
2.26804
2.26603
2.26559
2.2527
2.24387
2.36576
2.42271
2.25604
2.27707
2.83426
2.26186
2.26253
2.25523
2.26418
2.24649
2.28403
2.257
2.27651
2.354
2.27952
2.25052
2.26515
2.25324
2.26007
2.27211
2.27256
2.25698
2.25912
2.26901
2.27011
2.25529
2.26304
2.31055
2.36954
2.25693
2.25554
2.3177
2.25748
2.2601
2.27768
2.26946
2.29025
2.268
2.27331
2.24764
2.25491
2.25709
2.26552
2.26528
2.2632
2.25983
2.27129
2.26313
2.28049
2.24957
2.26435
2.26164
2.26371
2.27015
2.25076
2.75401
