0.566894
0.570043
0.564661
0.564964
0.592408
0.607197
0.681834
0.680242
0.563859
0.566615
0.596282
0.741515
0.564062
0.57198
0.686595
0.698102
0.570687
0.601983
0.567128
0.673201
0.646759
0.572703
0.679252
0.577577
0.569881
0.574533
0.570051
0.560731
0.583099
0.572235
0.567602
0.685027
0.566862
0.564854
0.575682
0.73908
0.677201
0.762473
0.565527
0.575434
0.565729
0.663379
0.727235
0.564713
0.682069
0.564435
0.568889
0.574624
0.566078
0.73527
0.568607
0.570961
0.568889
0.687433
0.665459
0.566868
0.573534
0.720648
0.572292
0.568995
0.576726
0.565487
0.738556
0.743555
0.575177
0.582096
0.664703
0.572035
0.736582
0.569997
0.564185
0.752027
0.567581
0.572211
0.564283
0.656626
0.567171
0.566751
0.652711
0.569601
0.699968
0.565054
0.590134
0.741702
0.56291
0.636844
0.569595
0.565725
0.567939
0.566085
0.56815
0.570391
0.701014
0.662927
0.717878
0.574874
0.573703
0.572078
0.566781
0.720779
