0.0243399
0.0137842
0.014039
0.0141611
0.013622
0.0136681
0.0135369
0.013515
0.0135069
0.0142291
0.0137
0.0143671
0.0135431
0.0136819
0.0135381
0.0141819
0.0135331
0.0145891
0.0154631
0.0135961
0.0144019
0.0136311
0.0135808
0.0142341
0.0143032
0.0135121
0.014287
0.014214
0.013911
0.0135179
0.0140219
0.0134671
0.0138009
0.013551
0.014873
0.014353
0.013644
0.0135708
0.0135469
0.0134859
0.0136769
0.0135212
0.01373
0.0137548
0.013478
0.0134819
0.0135698
0.013581
0.0158761
0.013669
0.0141561
0.014303
0.0142241
0.013555
0.014153
0.0135348
0.0135221
0.014179
0.014045
0.0137401
0.013696
0.0135672
0.0141649
0.0140979
0.0142088
0.0135281
0.0135131
0.014214
0.01368
0.0134919
0.0148399
0.0142219
0.0141571
0.014195
0.013665
0.0135181
0.0140948
0.01349
0.0141819
0.01422
0.0138068
0.014029
0.0136309
0.0134761
0.0135989
0.0135632
0.0141411
0.0136821
0.0140131
0.013577
0.01387
0.01366
0.0135651
0.0135119
0.014065
0.0135381
0.0135109
0.0138578
0.014452
0.0135431
