1.85625
1.8589
1.85898
1.85633
1.8594
1.85933
1.86077
1.85853
1.85797
1.85717
1.92485
2.05184
1.97707
1.86408
1.85855
1.86199
1.85975
1.86127
1.8617
1.85529
1.86036
1.85592
1.86488
1.86537
1.86152
1.94193
1.85705
1.86393
1.85838
1.86424
1.86782
1.86515
1.86855
1.86562
1.8612
1.86076
1.84888
1.85764
1.86061
1.86132
1.86614
1.86764
1.85964
1.85887
1.86041
1.85873
1.85957
1.85947
1.85738
1.85647
1.85974
1.86085
1.85521
1.90033
1.88605
1.86963
1.91846
1.90838
1.85689
1.90626
1.86885
1.88994
1.89514
1.96526
1.91245
1.90096
1.86939
1.86836
1.87343
1.90543
1.85612
1.88845
1.87027
1.89548
1.87458
1.97919
1.88307
1.92231
2.04202
1.90848
1.90878
1.8815
1.87618
1.98881
1.90202
1.89589
1.91759
1.91938
1.856
1.85792
1.94897
1.95846
1.8666
2.65982
2.78236
2.54413
2.52066
2.60707
2.5537
2.60726
