0.000314951
0.00031209
0.000313044
0.000302792
0.000323057
0.000277996
0.000306845
0.000290155
0.00031805
0.000316143
0.000307083
0.000316858
0.000285864
0.000324011
0.00032115
0.000313997
0.000316143
0.000313044
0.00028801
0.000309944
0.000314951
0.000313044
0.000293016
0.00031209
0.000322104
0.000313997
0.000286102
0.000283957
0.000311852
0.000303984
0.000359058
0.000313997
0.000314951
0.000316858
0.000329971
0.000304937
0.000298977
0.000320911
0.000316143
0.000315905
0.000313044
0.00028491
0.00028491
0.000313044
0.000313997
0.000313997
0.00030899
0.000286102
0.000313044
0.000317812
0.00031805
0.000300884
0.000287056
0.00030303
0.00030899
0.00031805
0.000313044
0.00028491
0.000286818
0.00030899
0.000313997
0.000320911
0.000313044
0.000289917
0.000303984
0.000442028
0.00459886
0.000314951
0.000302792
0.000316858
0.000323057
0.000321865
0.000296116
0.000320911
0.000323057
0.000381947
0.000319958
0.000320911
0.000315189
0.00028801
0.000324965
0.000310898
0.00030899
0.000285864
0.000286818
0.00115395
0.00031805
0.000321865
0.00030303
0.000313997
0.000338078
0.000285864
0.00039506
0.000286818
0.00030303
0.000494957
0.000308037
0.000315189
0.000286818
0.000286102
