5.21555
5.2585
5.29686
5.23752
5.30504
5.20207
5.23105
6.17456
5.28813
5.23707
5.22878
5.25817
5.25018
5.22133
5.21764
5.24198
5.24205
5.25636
5.23969
5.25028
5.20157
5.23055
5.27592
5.21642
5.30312
5.2494
5.22185
5.26044
6.16471
5.23749
5.22286
5.23955
5.2491
5.2108
5.26742
5.2098
5.20831
5.24544
5.26668
5.20975
6.16034
5.22586
5.25598
5.20744
6.07108
5.28466
5.24105
5.22665
5.25682
5.20947
5.23842
5.24944
5.21239
6.31395
5.22958
6.08838
5.25144
5.22764
5.27665
5.22063
6.15775
5.213
5.23964
5.21915
6.1651
5.21511
5.21861
5.24135
5.22637
5.24564
5.21779
5.25255
5.25638
5.25481
5.26067
5.22483
5.22424
5.23391
5.3102
5.23932
5.2554
5.22136
5.20928
5.23599
5.41365
5.31909
5.26194
5.32384
5.20502
5.20248
5.22479
5.24236
5.21363
5.20163
5.38664
5.22457
5.8597
5.20726
5.21902
5.24199
