0.00022316
0.00022006
0.000225067
0.000216961
0.000216961
0.000226021
0.000221968
0.000226021
0.000224113
0.000226974
0.00022912
0.000217915
0.000226974
0.000216961
0.000197887
0.00019908
0.000225067
0.000226974
0.000226021
0.000221014
0.000226021
0.000213861
0.000217915
0.000217199
0.000217199
0.000226974
0.000226021
0.000226021
0.000226021
0.000226974
0.000211954
0.000226021
0.000280142
0.000226974
0.00022316
0.000226021
0.000217915
0.000216961
0.000221968
0.000230074
0.000211954
0.000226974
0.000222921
0.000226021
0.000222921
0.000223875
0.000216961
0.000228167
0.000226021
0.000228882
0.000207186
0.000225067
0.000197887
0.000216007
0.000226974
0.000224113
0.000222921
0.000226974
0.000225067
0.000226021
0.000224829
0.000222206
0.000205994
0.000226021
0.000223875
0.000226974
0.000224113
0.000219107
0.000226974
0.000221014
0.000217915
0.000212908
0.000217915
0.000221968
0.000224829
0.000221968
0.000226021
0.000216007
0.000224829
0.000221014
0.000224113
0.000221014
0.0002141
0.000225067
0.000226974
0.000221014
0.000226021
0.000230074
0.000221968
0.000218153
0.000219822
0.000215054
0.000226974
0.000219822
0.000217915
0.00022006
0.000219107
0.000221014
0.000226974
0.000226974
