1.12465
1.16432
1.20349
1.17742
1.09565
1.10292
1.10772
1.09841
1.09505
1.10224
1.32788
1.19844
1.29015
1.25487
1.12175
1.23529
1.14639
1.11438
1.14498
1.10993
1.09295
1.08999
1.0922
1.10175
1.11334
1.11712
1.11386
1.10881
1.15136
1.11446
1.11454
1.1198
1.12601
1.12123
1.29887
1.11188
1.1059
1.08669
1.11923
1.12026
1.12113
1.22891
1.12924
1.12146
1.10504
1.12284
1.09064
1.12501
1.09692
1.09956
1.12311
1.09491
1.09174
1.09333
1.2002
1.11857
1.1094
1.11314
1.10539
1.11599
1.12505
1.097
1.11084
1.10891
1.10662
1.09798
1.12479
1.12098
1.12522
1.12452
1.12673
1.12416
1.12788
1.0983
1.33886
1.0964
1.12284
1.11459
1.11092
1.33911
1.1073
1.11144
1.09032
1.08985
1.10948
1.10594
1.11792
1.28924
1.27843
1.1225
1.12539
1.13379
1.12111
1.12493
1.13997
1.12827
1.0933
1.10268
1.10345
1.09555
