0.272896
0.275244
0.279098
0.331106
0.315161
0.272706
0.272965
0.271127
0.271372
0.271329
0.272886
0.334439
0.334834
0.335082
0.271138
0.273133
0.335206
0.275279
0.335014
0.270627
0.28121
0.305376
0.273991
0.273279
0.276058
0.271968
0.273279
0.283095
0.275983
0.272716
0.272896
0.273277
0.272862
0.278865
0.334899
0.273497
0.271999
0.273393
0.271266
0.273843
0.275457
0.271258
0.272701
0.274214
0.27603
0.276413
0.271699
0.273563
0.271692
0.27768
0.282642
0.270558
0.276056
0.27066
0.273678
0.271447
0.273398
0.274988
0.273446
0.271608
0.27783
0.279147
0.273963
0.272639
0.272026
0.274874
0.274201
0.271702
0.271544
0.276718
0.277269
0.275489
0.275033
0.278105
0.272912
0.270883
0.27319
0.276524
0.274198
0.277028
0.272176
0.278754
0.272395
0.270957
0.276464
0.274788
0.274029
0.272894
0.335108
0.274025
0.271778
0.334476
0.275499
0.270859
0.273635
0.272942
0.270733
0.2732
0.271219
0.27114
