0.057518
0.0545909
0.054559
0.0535281
0.052947
0.0534971
0.0541999
0.0549181
0.053349
0.0545909
0.0527251
0.055099
0.0532532
0.0551729
0.0524461
0.054908
0.055625
0.053911
0.0522492
0.052248
0.0577869
0.0538101
0.0548589
0.052175
0.0537381
0.0562379
0.053448
0.0543129
0.055161
0.0555151
0.054852
0.053293
0.054636
0.0529809
0.0549078
0.053606
0.0539331
0.0538909
0.0570171
0.0532119
0.0534768
0.053793
0.0536351
0.0557351
0.0534029
0.053952
0.0548999
0.054322
0.0562541
0.05393
0.0532792
0.0538981
0.05528
0.0546939
0.0519271
0.0536559
0.0519161
0.0543251
0.054204
0.0533371
0.0536151
0.0534129
0.053422
0.054755
0.05742
0.052835
0.054786
0.056082
0.0535231
0.056561
0.0539811
0.0564189
0.0533822
0.0537171
0.0529141
0.052346
0.0547009
0.054924
0.0521011
0.055063
0.0529728
0.0544839
0.0534461
0.0549049
0.054004
0.053431
0.0537381
0.053283
0.0551741
0.054183
0.0540421
0.0538502
0.054054
0.053688
0.0521488
0.0541391
0.0562999
0.0552878
0.0547111
0.0532269
