18.0905
17.0685
15.3586
17.777
16.6641
17.4246
19.331
18.4043
17.4642
16.1683
16.7799
17.4819
17.0853
17.6982
16.5551
18.2919
17.1538
20.1539
17.7009
19.0256
17.0233
17.8984
16.3786
17.1388
18.6977
17.4558
16.2023
18.3792
16.493
16.9207
17.8875
16.5308
15.7225
20.1731
17.7173
16.7402
20.3596
16.9687
16.5261
17.0429
15.7838
17.4506
17.327
16.4903
18.6517
16.7758
17.1922
18.5077
16.4593
18.8122
20.486
16.4691
16.6698
17.8917
16.6062
16.8104
17.2208
16.8152
16.804
16.1487
17.129
17.4201
20.1391
16.8117
17.1913
16.9134
19.8193
17.2685
16.6565
16.9302
16.5063
16.3121
17.3442
17.0268
20.1481
20.523
17.1864
16.4256
17.3198
17.5227
16.2107
17.3316
17.1073
17.826
17.1637
17.2113
17.7899
17.9316
17.4532
16.2267
17.8762
18.0728
16.3137
17.5252
17.3915
18.1654
17.0631
17.5948
18.2159
17.6683
