0.00804782
0.00804901
0.00802279
0.00802898
0.00804901
0.00802588
0.00804687
0.0080421
0.00803494
0.00802898
0.00801992
0.00803018
0.00804496
0.00802088
0.00802779
0.00803304
0.00803804
0.00803995
0.00804901
0.00801301
0.00801301
0.00803399
0.008039
0.00801897
0.0080421
0.00802898
0.008039
0.00801301
0.0080359
0.00803208
0.0080328
0.008003
0.00802779
0.00803304
0.00803494
0.00802588
0.0080142
0.008039
0.00801301
0.00800991
0.00803518
0.00802088
0.00802016
0.008003
0.00802898
0.00803614
0.00802016
0.00803399
0.00802302
0.00802994
0.00802708
0.00803804
0.0080061
0.00802398
0.00801992
0.00804591
0.00804496
0.008044
0.00803304
0.00804186
0.00802898
0.00801802
0.00801802
0.00802302
0.00803709
0.00802612
0.00803113
0.00805497
0.00803494
0.00804806
0.0080359
0.0080421
0.00804114
0.00804305
0.00804019
0.00803208
0.0080359
0.00803208
0.00805306
0.00803494
0.00804591
0.0080421
0.00803494
0.00804591
0.00803399
0.00801921
0.00805283
0.0080061
0.00801706
0.00801301
0.00803995
0.00805879
0.00802898
0.00805688
0.00803804
0.008039
0.00802398
0.00802898
0.00806308
0.00803804
