0.431535
0.4317
0.478123
0.43132
0.43135
0.431346
0.431837
0.431433
0.43143
0.431553
0.422179
0.431095
0.428621
0.431501
0.42902
0.429111
0.431147
0.428871
0.431088
0.431585
0.421987
0.429179
0.431569
0.431064
0.421991
0.429263
0.422046
0.431665
0.429126
0.429015
0.431224
0.428892
0.431296
0.429075
0.431414
0.430522
0.428897
0.431466
0.431271
0.431096
0.422415
0.428887
0.429333
0.431261
0.431344
0.431581
0.429135
0.431634
0.422079
0.431323
0.431588
0.430933
0.428949
0.428973
0.431762
0.429539
0.43124
0.431383
0.428765
0.431361
0.431532
0.428688
0.431094
0.430895
0.431256
0.431143
0.431101
0.428846
0.431534
0.431382
0.428999
0.429013
0.429382
0.431792
0.431694
0.429173
0.431271
0.431153
0.431191
0.429239
0.428747
0.431423
0.43134
0.422398
0.429045
0.431444
0.42895
0.429175
0.429158
0.422394
0.431492
0.412614
0.431405
0.429083
0.431528
0.431334
0.431033
0.431833
0.428842
0.422532
