0.121878
0.121896
0.142117
0.121941
0.12187
0.122093
0.122063
0.122146
0.121872
0.121798
0.121897
0.12187
0.121907
0.121956
0.121939
0.121393
0.121979
0.121883
0.12184
0.121959
0.121948
0.121863
0.121907
0.121882
0.121991
0.121997
0.122023
0.121997
0.121875
0.121931
0.121839
0.121863
0.121859
0.121906
0.121984
0.121801
0.121939
0.121943
0.121918
0.121935
0.121916
0.12186
0.121955
0.121914
0.122016
0.121971
0.121928
0.122177
0.121985
0.121907
0.121908
0.121896
0.121939
0.121961
0.121817
0.121967
0.122022
0.12192
0.121808
0.121896
0.121927
0.121925
0.121958
0.122006
0.122037
0.121941
0.121918
0.121891
0.122051
0.121915
0.12186
0.121931
0.121928
0.121923
0.121869
0.12188
0.121954
0.121884
0.12186
0.121945
0.12191
0.121948
0.121899
0.121919
0.122125
0.12195
0.121902
0.121861
0.121521
0.122041
0.121959
0.121875
0.1219
0.122125
0.121906
0.122044
0.121848
0.121927
0.146163
0.121914
