0.000880957
0.000874043
0.000870943
0.000880957
0.000878096
0.000880957
0.000874043
0.000876904
0.000881195
0.000877142
0.000873089
0.000873804
0.000880957
0.000876188
0.00087595
0.00087595
0.000879049
0.000880957
0.000876904
0.000879049
0.000878096
0.000874996
0.000876904
0.000883102
0.00087595
0.000874996
0.000874043
0.000880957
0.000874043
0.000877142
0.000873804
0.00087595
0.000880003
0.000874996
0.000880957
0.00087595
0.000872135
0.000874996
0.000874996
0.000874043
0.000880003
0.000876904
0.000874996
0.000874996
0.000878811
0.000877142
0.000874043
0.000876904
0.000877857
0.000876904
0.000882149
0.000874996
0.000874043
0.000878096
0.000878096
0.000878096
0.000877142
0.000880957
0.000879049
0.000879049
0.00088191
0.000874996
0.000877142
0.000878096
0.00087595
0.000880957
0.000874996
0.000876188
0.000882149
0.000880957
0.000877142
0.000876904
0.000877857
0.000874996
0.000877142
0.000882149
0.000876904
0.000880957
0.000874996
0.000876188
0.000877857
0.000880957
0.00088191
0.000873089
0.00087595
0.000874043
0.00087595
0.000878096
0.000877142
0.000876188
0.000880957
0.000874996
0.000871897
0.00087595
0.000876904
0.000877142
0.000876904
0.000876904
0.000874996
0.00087595
