6.29255
6.29661
6.46505
6.28979
6.29466
6.29584
6.28935
6.29358
6.28988
6.29674
6.29476
6.29401
6.28987
6.29079
6.2916
6.29098
6.2918
6.30165
6.29124
6.29504
6.29637
6.29474
6.29033
6.2967
6.2895
6.29297
6.29236
6.29974
6.29073
6.29853
6.29263
6.28965
6.2962
6.29153
6.29162
6.28961
6.2966
6.29693
6.29327
6.29087
6.29446
6.29221
6.29278
6.2902
6.28991
6.28962
6.28974
6.29055
6.29318
6.29289
6.2897
6.2968
6.29389
6.29141
6.2945
6.29098
6.29249
6.29112
6.29015
6.28999
6.29044
6.2902
6.2943
6.28991
6.29441
6.28556
6.29164
6.29613
6.29959
6.29042
6.29145
6.28934
6.29178
6.29008
6.45821
6.29384
6.29357
6.30084
6.29327
6.29144
6.29922
6.292
6.29907
6.29125
6.29216
6.29494
6.29678
6.2936
6.29704
6.29141
6.29667
6.29986
6.28963
6.28944
6.29121
6.40071
6.29557
6.29778
6.28931
6.40407
