0.946603
0.945151
1.0319
0.944916
0.945029
0.944927
0.945722
0.944948
0.94589
0.940221
0.945671
0.944836
0.944911
0.944763
0.945103
0.944967
0.944836
0.944523
0.938384
0.945194
0.945197
0.945551
0.945266
0.944984
0.938104
0.945746
0.944747
0.944907
0.944555
0.945172
0.944834
0.944523
0.945337
0.941621
0.946784
0.945345
0.945129
0.937866
0.945114
0.937786
0.945556
0.945049
0.945044
0.944516
0.94509
0.944805
0.945051
0.945685
0.944866
0.945163
0.945279
0.944657
0.94504
0.944848
0.945095
0.944541
0.944563
0.945485
0.945967
0.944619
0.945135
0.945314
0.94476
0.944648
0.944974
0.94504
0.945216
0.945929
0.944744
0.945161
0.947958
0.945072
0.945123
0.944589
1.12636
0.944962
0.945455
0.938149
0.945832
0.93828
0.944703
0.94598
0.944823
0.944765
0.944584
0.944966
0.945622
0.945478
0.944932
0.944838
0.944956
0.946017
0.938005
0.94519
0.945109
0.944954
0.945451
0.944639
0.946242
0.945186
