0.943156
0.942646
1.03048
0.942258
0.936036
0.943394
0.935639
0.94264
0.942259
0.942978
0.935772
0.945889
0.94236
0.942733
0.942447
0.936202
0.936539
0.944504
0.942313
0.944914
0.942765
0.935524
0.944813
0.942798
0.935731
0.944997
0.942811
0.942297
0.942786
0.942385
0.936318
0.942303
0.94428
0.943578
0.942383
0.942401
0.935704
0.936322
0.942723
0.94504
0.945276
0.942602
0.942419
0.943081
0.94558
0.93552
0.943445
0.936474
0.935694
0.942337
0.945116
0.936228
0.943104
0.942219
0.94235
0.935987
0.94457
0.945934
0.945331
0.945235
0.945165
0.945781
0.944967
0.936042
0.942634
0.944921
0.944525
0.942358
0.944996
0.94268
0.942346
0.942264
0.942948
0.942746
1.03836
0.942967
0.942752
0.942452
0.942905
0.942481
0.943576
0.945076
0.942589
0.942365
0.942812
0.942446
0.943164
0.935545
0.942571
0.944875
0.943098
0.945028
0.944906
0.943532
0.936105
0.942809
0.943083
0.945447
1.12351
0.943107
