0.0159779
0.016006
0.0160189
0.0160031
0.015986
0.0159681
0.0160031
0.0159731
0.0159559
0.0159988
0.0160079
0.015976
0.015965
0.0159671
0.016016
0.0159791
0.0159712
0.0159879
0.0159941
0.0160298
0.0159621
0.0160089
0.0159671
0.0159922
0.0159502
0.016021
0.0159812
0.0160091
0.0159891
0.0160239
0.0159998
0.0160122
0.015985
0.015991
0.0159791
0.01596
0.015995
0.01597
0.0159562
0.015975
0.0159979
0.0160069
0.0159609
0.01597
0.0159919
0.016001
0.016
0.0159609
0.0159919
0.016001
0.0160041
0.0159919
0.015985
0.0159709
0.0160179
0.0159791
0.016005
0.015985
0.0159879
0.0160191
0.0160151
0.0159781
0.015986
0.015964
0.01601
0.015969
0.0159879
0.0159769
0.01598
0.015964
0.015945
0.01595
0.01599
0.015981
0.016005
0.01599
0.0159531
0.015996
0.0159819
0.0159931
0.0159869
0.0160189
0.015959
0.0159919
0.0159791
0.0159881
0.015995
0.0159569
0.0159469
0.0159638
0.015976
0.0159819
0.0159822
0.01596
0.01601
0.0159771
0.016016
0.0159788
0.0159822
0.0160069
