0.121605
0.121607
0.142398
0.121738
0.121727
0.121587
0.121711
0.121602
0.121575
0.121605
0.121577
0.121764
0.121533
0.121685
0.121513
0.121571
0.121569
0.121545
0.121736
0.121577
0.121785
0.121237
0.121533
0.121577
0.12154
0.121702
0.120967
0.121598
0.121505
0.121656
0.121643
0.121541
0.121526
0.121523
0.12153
0.121587
0.121708
0.121514
0.121547
0.121708
0.121522
0.12163
0.121527
0.121597
0.121537
0.121651
0.121611
0.121698
0.121521
0.121593
0.121547
0.121575
0.121603
0.121523
0.121649
0.121663
0.121575
0.12166
0.121553
0.121708
0.121588
0.121575
0.121724
0.121547
0.121554
0.121602
0.121626
0.121508
0.121606
0.121745
0.121616
0.121653
0.121477
0.12157
0.121523
0.121704
0.121551
0.121605
0.121597
0.121565
0.121588
0.121565
0.121586
0.121526
0.121674
0.121559
0.121627
0.121848
0.121556
0.121722
0.121558
0.121672
0.12157
0.121582
0.121607
0.121604
0.121632
0.12154
0.121512
0.121811
