6.27506
6.56616
6.27708
6.27463
6.27625
6.28166
6.27497
6.27325
6.27375
6.2761
6.28596
6.28141
6.27537
6.27299
6.27325
6.2761
6.2796
6.27375
6.28231
6.27328
6.27314
6.28049
6.28079
6.2742
6.28085
6.2789
6.27941
6.27351
6.27298
6.27404
6.27774
6.27313
6.27356
6.27463
6.27507
6.27512
6.27283
6.27366
6.2756
6.27291
6.28287
6.27718
6.28132
6.28072
6.27327
6.27382
6.27748
6.27529
6.28132
6.27486
6.27757
6.28205
6.27483
6.2768
6.27475
6.28186
6.27351
6.27342
6.27489
6.27331
6.27415
6.27492
6.27853
6.27603
6.27312
6.28165
6.27976
6.27515
6.27504
6.27523
6.27533
6.28317
6.28299
6.41662
6.27305
6.27322
6.27698
6.27485
6.2748
6.27636
6.27409
6.27466
6.27917
6.27588
6.27498
6.2785
6.28195
6.27478
6.27843
6.28419
6.27647
6.27508
6.27488
6.27883
6.27478
6.35129
6.27535
6.27681
6.27316
6.277
