0.428035
0.427978
0.476927
0.42788
0.428158
0.428246
0.428458
0.430307
0.420979
0.427749
0.427771
0.42784
0.427959
0.420885
0.430385
0.421247
0.427932
0.427772
0.427695
0.428187
0.430419
0.421395
0.430318
0.42797
0.421255
0.430362
0.427814
0.428561
0.427913
0.421419
0.427839
0.428005
0.430449
0.428137
0.428036
0.504044
0.421201
0.427781
0.430646
0.428047
0.427897
0.430491
0.420977
0.430382
0.421194
0.428357
0.421467
0.42836
0.43078
0.428323
0.428266
0.428017
0.430375
0.421276
0.428018
0.427478
0.428205
0.430625
0.430538
0.428004
0.428205
0.428036
0.427977
0.423162
0.43019
0.427765
0.427858
0.430555
0.4279
0.420924
0.427774
0.430103
0.427952
0.428066
0.428006
0.42784
0.428964
0.427902
0.427994
0.427928
0.42116
0.430189
0.428443
0.427772
0.430349
0.427827
0.430263
0.430252
0.427789
0.43013
0.427664
0.430382
0.423211
0.4304
0.427871
0.428299
0.430609
0.42798
0.430081
0.430135
