0.00088501
0.000889063
0.00088501
0.000882864
0.00089407
0.000890017
0.000887871
0.000892162
0.000891209
0.000886917
0.000885963
0.000884056
0.000895977
0.000885963
0.000887871
0.000890017
0.00088501
0.000887156
0.000882864
0.00089407
0.00088501
0.000885963
0.000887156
0.000883818
0.000886917
0.000885963
0.000893116
0.00088501
0.00088501
0.00088501
0.00089097
0.00088501
0.000893116
0.000889063
0.000887871
0.00088501
0.000888109
0.000890017
0.000889778
0.00088501
0.00089097
0.000887871
0.000891924
0.00088501
0.000885963
0.000886917
0.000893116
0.000891209
0.000885963
0.000892878
0.00089097
0.000891924
0.000885963
0.000886917
0.000886917
0.000883818
0.000886917
0.000885963
0.000888109
0.000887156
0.000891924
0.000888109
0.000890017
0.000893116
0.000892162
0.00088501
0.000885963
0.000883818
0.00088501
0.00088501
0.000892878
0.000889063
0.000892878
0.00089407
0.00088501
0.000886917
0.000887871
0.000885963
0.00088501
0.000891924
0.000885963
0.000888109
0.000887156
0.00089097
0.00088501
0.000885963
0.000887156
0.000885963
0.000885963
0.000889063
0.000887156
0.000889063
0.000887156
0.000890017
0.000890017
0.00088501
0.00088501
0.000882864
0.000885963
0.00088501
