0.015996
0.0160131
0.0159991
0.0159459
0.0160031
0.0160141
0.0160089
0.015991
0.016
0.0160201
0.0160098
0.0159659
0.0160091
0.0159822
0.0159841
0.0159628
0.0159621
0.01597
0.0159979
0.0159841
0.016017
0.0159721
0.01596
0.0159762
0.016
0.0160022
0.0160348
0.0160041
0.0160069
0.0159991
0.016012
0.0160191
0.016022
0.0159891
0.015991
0.0159831
0.0159988
0.0159731
0.0159709
0.0159788
0.01599
0.0159891
0.01601
0.0160038
0.015981
0.015975
0.015976
0.0159771
0.0159712
0.0159919
0.0159678
0.016012
0.015974
0.016005
0.0159919
0.015959
0.0160012
0.01599
0.0160069
0.015976
0.0159678
0.0159619
0.0159609
0.015959
0.0159709
0.0159781
0.016022
0.016001
0.016011
0.0159831
0.015981
0.0159829
0.015965
0.015975
0.015959
0.0159721
0.0159831
0.0159791
0.0159652
0.016005
0.0160081
0.015985
0.0159891
0.015959
0.016001
0.0159891
0.0159969
0.0159988
0.0159988
0.015985
0.0159819
0.015995
0.0159631
0.0159771
0.0159712
0.016017
0.0159891
0.016
0.0159609
0.0159669
