0.00797296
0.00800014
0.00799298
0.00799084
0.00799012
0.00798702
0.00799394
0.00798798
0.00798607
0.00798798
0.00799608
0.00799298
0.00798512
0.00798392
0.00798202
0.00799394
0.00798392
0.00798488
0.00799298
0.00798512
0.00798392
0.00797415
0.00798702
0.00798702
0.00797701
0.00798392
0.0079999
0.00799799
0.0079751
0.00798392
0.00798392
0.00797606
0.00798488
0.00797582
0.00797987
0.00799394
0.00798798
0.00798416
0.00798488
0.00799799
0.00798821
0.00797391
0.00796914
0.00799108
0.00797987
0.00799298
0.00798488
0.00798702
0.00798607
0.00799584
0.00798011
0.00797415
0.00797081
0.00797915
0.00798321
0.007972
0.00798702
0.00800204
0.00798202
0.00798202
0.00799298
0.00797606
0.00798512
0.00798798
0.00798106
0.00798082
0.00798488
0.00798106
0.00798392
0.00799704
0.00800109
0.0079999
0.00798321
0.00797701
0.00798702
0.00798607
0.00798082
0.00798893
0.00799203
0.00799203
0.00798392
0.00799584
0.00798798
0.00799203
0.00798798
0.00798702
0.00798702
0.00799489
0.00798297
0.00799298
0.00798297
0.00799394
0.00798392
0.00799203
0.00797701
0.00799394
0.0079999
0.00799298
0.00798392
0.00799298
